Time_s,Pos_X_mm,Pos_Y_mm,Pos_Z_mm,Probe
0.00,23.032,23.032,23.032,0
0.05,17.928,17.928,17.928,0
0.08,17.637,17.637,17.637,0
0.09,17.344,17.344,17.344,0
0.11,16.751,16.751,16.751,0
0.14,16.151,16.151,16.151,0
0.29,11.615,11.615,11.615,0
0.32,10.739,10.739,10.739,0
0.34,10.167,10.167,10.167,0
0.37,9.606,9.606,9.606,0
0.39,9.057,9.057,9.057,0
0.42,8.523,8.523,8.523,0
0.43,8.003,8.003,8.003,0
0.45,7.748,7.748,7.748,0
0.47,7.498,7.498,7.498,0
0.48,7.252,7.252,7.252,0
0.51,6.772,6.772,6.772,0
0.54,6.309,6.309,6.309,0
0.56,5.864,5.864,5.864,0
0.57,5.864,5.864,5.864,0
0.61,5.231,5.231,5.231,0
0.62,5.030,5.030,5.030,0
0.64,4.833,4.833,4.833,0
0.66,4.641,4.641,4.641,0
0.68,4.453,4.453,4.453,0
0.70,4.093,4.093,4.093,0
0.72,3.920,3.920,3.920,0
0.74,3.751,3.751,3.751,0
0.76,3.588,3.429,3.429,0
0.79,3.125,3.125,3.125,0
0.80,2.980,2.980,2.980,0
0.84,2.704,2.704,2.704,0
0.85,2.573,2.573,2.573,0
0.88,2.446,2.446,2.446,0
0.89,2.323,2.323,2.323,0
0.91,2.091,2.091,2.091,0
0.92,1.981,1.981,1.981,0
0.95,1.876,1.774,1.774,0
0.96,1.774,1.774,1.774,0
0.99,1.583,1.583,1.583,0
1.00,1.494,1.494,1.494,0
1.04,1.247,1.247,1.247,0
1.05,1.099,1.099,1.099,0
1.08,0.966,0.966,0.966,0
1.10,0.845,0.845,0.904,0
1.12,0.735,0.735,0.735,0
1.17,0.637,0.637,0.637,0
1.26,0.287,0.287,0.287,0
1.30,0.181,0.181,0.181,0
1.33,0.135,0.135,0.135,0
1.35,0.109,0.109,0.109,0
1.37,0.098,0.088,0.088,0
1.39,0.055,0.055,0.055,0
1.43,0.029,0.029,0.029,0
1.47,0.004,0.004,0.004,0
1.49,0.004,0.004,0.004,0
1.54,0.004,0.004,0.004,0
1.55,0.004,0.004,0.004,0
1.57,0.004,0.004,0.004,0
1.59,0.004,0.004,0.004,0
1.62,0.004,0.004,0.004,0
1.64,0.004,0.004,0.004,0
1.66,0.004,0.004,0.004,0
1.69,0.004,0.004,0.004,0
1.71,0.004,0.004,0.004,0
1.73,0.004,0.004,0.004,0
1.75,0.004,0.004,0.004,0
1.77,0.004,0.004,0.004,0
1.78,0.004,0.004,0.004,0
1.80,0.004,0.004,0.004,0
1.81,0.004,0.004,0.004,0
1.82,0.004,0.004,0.004,0
1.84,0.004,0.004,0.004,0
1.87,0.004,0.004,0.004,0
1.89,0.004,0.004,0.004,0
1.91,0.004,0.004,0.004,0
1.93,0.004,0.004,0.004,0
1.94,0.004,0.004,0.004,0
1.96,0.004,0.004,0.004,0
1.99,0.004,0.004,0.004,0
2.00,0.004,0.004,0.004,0
2.02,0.004,0.004,0.004,0
2.04,0.004,0.004,0.004,0
2.06,0.004,0.004,0.004,0
2.07,0.004,0.004,0.004,0
2.08,0.004,0.004,0.004,0
2.11,0.004,0.004,0.004,0
2.12,0.004,0.004,0.004,0
2.13,0.004,0.004,0.004,0
2.14,0.004,0.004,0.004,0
2.18,0.004,0.004,0.004,0
2.26,0.004,0.004,0.004,0
2.30,0.004,0.004,0.004,0
2.31,0.004,0.004,0.004,0
2.33,0.004,0.004,0.004,0
2.35,0.004,0.004,0.004,0
2.38,0.004,0.004,0.004,0
2.39,0.004,0.004,0.004,0
2.41,0.004,0.004,0.004,0
2.44,0.004,0.004,0.004,0
2.46,0.004,0.004,0.004,0
2.47,0.004,0.004,0.004,0
2.48,0.004,0.004,0.004,0
2.50,0.004,0.004,0.004,0
2.53,0.004,0.004,0.004,0
2.54,0.004,0.004,0.004,0
2.55,0.004,0.004,0.004,0
2.57,0.164,0.164,0.164,0
2.59,1.494,1.494,1.494,0
2.62,1.494,1.494,1.494,0
2.63,1.494,1.494,1.494,0
2.65,1.494,1.494,1.494,0
2.67,1.494,1.494,1.494,0
2.68,1.583,1.583,1.583,0
2.70,1.583,1.583,1.583,0
2.73,1.677,1.677,1.677,0
2.75,1.677,1.677,1.677,0
2.77,1.876,1.876,1.876,0
2.80,1.981,1.981,1.981,0
2.82,2.205,2.205,2.205,0
2.83,2.323,2.323,2.323,0
2.91,2.704,2.704,2.704,0
2.93,3.751,3.751,3.751,0
2.95,4.093,4.093,4.093,0
2.97,4.271,4.271,4.271,0
3.00,4.833,4.833,4.833,0
3.02,5.231,5.231,5.231,0
3.04,5.864,5.864,5.864,0
3.05,6.084,6.084,6.084,0
3.08,6.772,6.772,6.772,0
3.11,7.009,7.009,7.009,0
3.14,8.003,8.003,8.003,0
3.16,8.788,8.788,8.788,0
3.24,11.029,11.029,11.029,0
3.30,12.810,12.810,12.810,0
3.31,13.112,13.112,13.112,0
3.35,14.024,14.024,14.024,0
3.37,14.938,14.938,14.938,0
3.39,15.243,15.243,15.546,0
3.41,16.151,16.151,16.151,0
3.47,17.637,17.637,17.637,0
3.50,18.215,18.215,18.215,0
3.52,18.782,18.782,18.782,0
3.54,19.334,19.334,19.334,0
3.56,19.605,19.605,19.605,0
3.57,19.871,19.871,19.871,0
3.59,20.390,20.390,20.390,0
3.61,20.642,20.890,20.890,0
3.62,20.890,20.890,20.890,0
3.65,21.368,21.368,21.368,0
3.68,21.823,21.823,21.823,0
3.71,22.458,22.458,22.458,0
3.73,22.458,22.458,22.458,0
3.75,22.848,22.848,22.848,0
3.76,23.032,23.032,23.032,0
3.78,23.209,23.209,23.209,0
3.81,23.540,23.540,23.540,0
3.82,23.694,23.694,23.694,0
3.85,23.978,23.978,23.978,0
3.86,23.978,23.978,23.978,0
3.88,24.229,24.229,24.229,0
3.90,24.342,24.342,24.342,0
3.93,24.541,24.541,24.541,0
3.95,24.628,24.628,24.628,0
3.98,24.774,24.774,24.774,0
4.00,24.885,24.885,24.885,0
4.04,24.958,24.958,24.958,0
4.06,24.982,24.982,24.982,0
4.08,24.982,24.982,24.982,0
4.09,24.958,24.958,24.958,0
4.11,24.926,24.926,24.926,0
4.13,24.834,24.834,24.834,0
4.16,24.774,24.774,24.774,0
4.18,24.541,24.541,24.541,0
4.27,23.694,23.694,23.694,0
4.33,22.656,22.656,22.656,0
4.34,22.458,22.458,22.458,0
4.36,22.041,22.041,22.041,0
4.38,21.368,21.368,21.368,0
4.41,21.131,21.131,21.131,0
4.42,20.642,20.642,20.642,0
4.44,20.133,20.133,20.133,0
4.46,19.605,19.605,19.605,0
4.49,19.060,19.060,19.060,0
4.52,17.928,17.928,17.928,0
4.55,17.928,17.928,17.928,0
4.57,17.049,17.049,17.049,0
4.59,16.452,16.452,16.452,0
4.61,15.849,15.849,15.849,0
4.63,15.243,15.243,15.243,0
4.65,14.633,14.633,14.633,0
4.67,14.024,14.024,14.024,0
4.68,13.719,13.719,13.719,0
4.70,13.112,13.112,13.112,0
4.71,12.810,12.810,12.810,0
4.73,12.209,12.209,12.209,0
4.75,11.911,11.911,11.911,0
4.78,11.029,11.029,11.029,0
4.79,10.451,10.451,10.451,0
4.81,10.167,10.167,10.167,0
4.84,9.606,9.606,9.606,0
4.86,9.057,9.057,9.057,0
4.88,8.523,8.523,8.523,0
4.91,8.003,8.003,8.003,0
4.93,7.498,7.498,7.498,0
4.95,7.252,7.252,7.252,0
4.98,6.772,6.772,6.772,0
5.00,6.309,6.309,6.309,0
5.03,5.864,5.864,5.864,0
5.06,5.438,5.438,5.438,0
5.08,5.231,5.231,5.231,0
5.10,4.833,4.833,4.833,0
5.11,4.833,4.833,4.833,0
5.13,4.453,4.453,4.453,0
5.16,4.271,4.271,4.271,0
5.18,3.920,3.920,3.920,0
5.20,3.751,3.751,3.751,0
5.29,2.840,2.840,2.840,0
5.35,2.323,2.323,2.323,0
5.36,2.205,2.205,2.205,0
5.38,1.981,1.981,1.981,0
5.40,1.981,1.981,1.981,0
5.42,1.774,1.774,1.774,0
5.46,1.494,1.494,1.494,0
5.47,1.408,1.408,1.408,0
5.49,1.325,1.325,1.325,0
5.52,1.099,1.099,1.099,0
5.55,0.966,0.966,0.966,0
5.57,0.845,0.845,0.845,0
5.61,0.637,0.637,0.637,0
5.65,0.509,0.509,0.509,0
5.66,0.435,0.435,0.435,0
5.68,0.401,0.401,0.401,0
5.70,0.340,0.340,0.340,0
5.72,0.287,0.262,0.262,0
5.73,0.240,0.240,0.240,0
5.76,0.199,0.199,0.199,0
5.77,0.181,0.181,0.181,0
5.79,0.135,0.135,0.135,0
5.80,0.121,0.121,0.121,0
5.82,0.098,0.098,0.098,0
5.85,0.070,0.070,0.070,0
5.87,0.043,0.043,0.043,0
5.91,0.004,0.004,0.004,0
5.92,0.004,0.004,0.004,0
5.94,0.004,0.004,0.004,0
5.95,0.004,0.004,0.004,0
5.98,0.004,0.004,0.004,0
6.00,0.004,0.004,0.004,0
6.02,0.004,0.004,0.004,0
6.04,0.004,0.004,0.004,0
6.06,0.004,0.004,0.004,0
6.07,0.004,0.004,0.004,0
6.08,0.004,0.004,0.004,0
6.09,0.004,0.004,0.004,0
6.10,0.004,0.004,0.004,0
6.12,0.004,0.004,0.004,0
6.14,0.004,0.004,0.004,0
6.15,0.004,0.004,0.004,0
6.17,0.004,0.004,0.004,0
6.25,0.004,0.004,0.004,0
6.30,0.004,0.004,0.004,0
6.31,0.004,0.004,0.004,0
6.32,0.004,0.004,0.004,0
6.34,0.004,0.004,0.004,0
6.36,0.004,0.004,0.004,0
6.38,0.004,0.004,0.004,0
6.39,0.004,0.004,0.004,0
6.41,0.004,0.004,0.004,0
6.42,0.004,0.004,0.004,0
6.44,0.004,0.004,0.004,0
6.47,0.004,0.004,0.004,0
6.49,0.004,0.004,0.004,0
6.51,0.004,0.004,0.004,0
6.53,0.004,0.004,0.004,0
6.55,0.004,0.004,0.004,0
6.56,0.004,0.004,0.004,0
6.59,0.004,0.004,0.004,0
6.61,0.004,0.004,0.004,0
6.64,0.004,0.004,0.004,0
6.67,0.004,0.004,0.004,0
6.69,0.004,0.004,0.004,0
6.73,0.004,0.004,0.004,0
6.75,0.004,0.004,0.004,0
6.77,0.004,0.004,0.004,0
6.79,0.004,0.004,0.004,0
6.82,0.004,0.004,0.004,0
6.84,0.004,0.004,0.004,0
6.88,0.004,0.004,0.004,0
6.91,0.004,0.004,0.004,0
6.93,0.004,0.004,0.004,0
6.96,0.004,0.004,0.004,0
6.97,0.004,0.004,0.004,0
7.00,0.004,0.004,0.004,0
7.02,0.004,0.004,0.004,0
7.03,0.016,0.016,0.016,0
7.06,0.471,0.471,0.471,0
7.07,1.494,1.494,1.494,0
7.09,1.494,1.494,1.494,0
7.11,1.494,1.494,1.494,0
7.13,1.494,1.494,1.494,0
7.15,1.494,1.494,1.494,0
7.17,1.583,1.583,1.583,0
7.26,1.876,1.876,1.876,0
7.31,2.446,2.446,2.446,0
7.32,2.573,2.573,2.573,0
7.35,2.980,2.980,2.980,0
7.37,3.125,3.125,3.125,0
7.39,3.588,3.588,3.588,0
7.41,3.920,3.920,3.920,0
7.44,4.271,4.271,4.271,0
7.48,5.231,5.231,5.231,0
7.50,5.649,5.649,5.649,0
7.52,6.084,6.084,6.084,0
7.55,6.772,6.772,6.772,0
7.57,7.009,7.009,7.009,0
7.60,8.003,8.003,8.003,0
7.61,8.261,8.261,8.261,0
7.63,8.788,8.788,8.788,0
7.64,9.057,9.057,9.057,0
7.66,9.606,9.606,9.606,0
7.67,9.885,9.885,9.885,0
7.70,10.451,10.451,10.451,0
7.71,11.029,11.029,11.029,0
7.74,11.615,11.615,11.615,0
7.77,12.509,12.509,12.509,0
7.78,13.112,13.112,13.112,0
7.80,13.415,13.415,13.415,0
7.81,13.719,14.024,14.024,0
7.84,14.633,14.633,14.633,0
7.85,15.243,15.243,15.243,0
7.87,15.849,15.849,15.849,0
7.89,16.452,16.452,16.452,0
7.92,17.344,17.344,17.344,0
7.93,17.637,17.637,17.637,0
7.97,18.500,18.500,18.500,0
7.98,18.782,18.782,18.782,0
8.02,19.334,19.334,19.334,0
8.05,20.133,20.133,20.133,0
8.07,20.642,20.642,20.642,0
8.12,21.131,21.131,21.131,0
8.14,21.823,21.823,21.823,0
8.16,22.041,22.041,22.041,0
8.18,22.458,22.458,22.458,0
8.26,23.379,23.379,23.379,0
8.32,23.978,23.978,23.978,0
8.33,24.108,24.108,24.108,0
8.36,24.229,24.229,24.229,0
8.39,24.446,24.446,24.446,0
8.40,24.541,24.541,24.541,0
8.42,24.705,24.705,24.705,0
8.44,24.774,24.774,24.774,0
8.46,24.834,24.834,24.834,0
8.50,24.958,24.958,24.958,0
8.51,24.982,24.982,24.982,0
8.54,24.982,24.982,24.982,0
8.56,24.958,24.958,24.958,0
8.59,24.885,24.885,24.885,0
8.60,24.834,24.834,24.834,0
8.62,24.774,24.774,24.774,0
8.64,24.628,24.628,24.628,0
8.66,24.446,24.446,24.446,0
8.67,24.446,24.446,24.446,0
8.70,24.108,24.108,24.108,0
8.71,23.978,23.978,23.978,0
8.73,23.840,23.840,23.840,0
8.75,23.540,23.540,23.540,0
8.76,23.379,23.209,23.209,0
8.79,22.656,22.656,22.656,0
8.81,22.253,22.253,22.253,0
8.83,22.041,22.041,22.041,0
8.86,21.368,21.368,21.368,0
8.87,20.890,20.890,20.890,0
8.90,20.390,20.390,20.390,0
8.92,19.871,19.871,19.871,0
8.94,19.060,19.060,19.060,0
8.97,18.500,18.500,18.500,0
8.98,18.215,18.215,18.215,0
9.00,17.928,17.928,17.928,0
9.02,17.637,17.637,17.637,0
9.05,17.049,17.049,17.049,0
9.07,16.151,16.151,16.151,0
9.09,15.546,15.546,15.546,0
9.11,15.243,15.243,15.243,0
9.14,14.024,14.024,14.024,0
9.15,13.719,13.719,13.719,0
9.18,13.112,13.112,12.810,0
9.27,10.451,10.451,10.451,0
9.33,9.057,9.057,9.057,0
9.34,8.523,8.523,8.523,0
9.37,8.003,8.003,8.003,0
9.38,7.748,7.748,7.748,0
9.41,7.498,7.498,7.498,0
9.42,7.252,7.252,7.252,0
9.49,6.084,6.084,6.084,0
9.51,5.649,5.649,5.649,0
9.53,5.438,5.438,5.438,0
9.54,5.231,5.231,5.231,0
9.56,5.030,5.030,5.030,0
9.58,4.641,4.641,4.641,0
9.62,4.271,4.271,4.271,0
9.64,4.093,4.093,4.093,0
9.66,3.920,3.920,3.920,0
9.67,3.751,3.751,3.751,0
9.69,3.429,3.429,3.429,0
9.71,3.275,3.275,3.275,0
9.74,2.980,2.980,2.980,0
9.76,2.840,2.840,2.840,0
9.79,2.446,2.446,2.446,0
9.82,2.446,2.446,2.323,0
9.84,2.091,2.091,2.091,0
9.85,2.091,2.091,2.091,0
9.89,1.876,1.876,1.876,0
9.90,1.677,1.677,1.677,0
9.93,1.494,1.494,1.494,0
9.94,1.408,1.408,1.408,0
9.97,1.247,1.247,1.247,0
9.98,1.171,1.171,1.171,0
10.02,0.966,0.966,0.966,0
10.03,0.845,0.845,0.845,0
10.05,0.735,0.735,0.735,0
10.07,0.685,0.685,0.685,0
10.10,0.549,0.549,0.549,0
10.12,0.471,0.471,0.471,0
10.14,0.401,0.401,0.401,0
10.16,0.340,0.340,0.340,0
10.18,0.287,0.287,0.287,0
10.26,0.135,0.135,0.135,0
10.33,0.055,0.055,0.043,0
10.34,0.029,0.029,0.029,0
10.37,0.004,0.004,0.004,0
10.38,0.004,0.004,0.004,0
10.40,0.004,0.004,0.004,0
10.41,0.004,0.004,0.004,0
10.43,0.004,0.004,0.004,0
10.44,0.004,0.004,0.004,0
10.46,0.004,0.004,0.004,0
10.47,0.004,0.004,0.004,0
10.48,0.004,0.004,0.004,0
10.50,0.004,0.004,0.004,0
10.51,0.004,0.004,0.004,0
10.55,0.004,0.004,0.004,0
10.57,0.004,0.004,0.004,0
10.58,0.004,0.004,0.004,0
10.61,0.004,0.004,0.004,0
10.63,0.004,0.004,0.004,0
10.64,0.004,0.004,0.004,0
10.66,0.004,0.004,0.004,0
10.69,0.004,0.004,0.004,0
10.70,0.004,0.004,0.004,0
10.71,0.004,0.004,0.004,0
10.73,0.004,0.004,0.004,0
10.74,0.004,0.004,0.004,0
10.77,0.004,0.004,0.004,0
10.78,0.004,0.004,0.004,0
10.79,0.004,0.004,0.004,0
10.80,0.004,0.004,0.004,0
10.81,0.004,0.004,0.004,0
10.84,0.004,0.004,0.004,0
10.85,0.004,0.004,0.004,0
10.87,0.004,0.004,0.004,0
10.88,0.004,0.004,0.004,0
10.89,0.004,0.004,0.004,0
10.92,0.004,0.004,0.004,0
10.93,0.004,0.004,0.004,0
10.94,0.004,0.004,0.004,0
10.95,0.004,0.004,0.004,0
10.97,0.004,0.004,0.004,0
10.98,0.004,0.004,0.004,0
11.01,0.004,0.004,0.004,0
11.02,0.004,0.004,0.004,0
11.04,0.004,0.004,0.004,0
11.05,0.004,0.004,0.004,0
11.07,0.004,0.004,0.004,0
11.08,0.004,0.004,0.004,0
11.10,0.004,0.004,0.004,0
11.12,0.004,0.004,0.004,0
11.14,0.004,0.004,0.004,0
11.15,0.004,0.004,0.004,0
11.17,0.004,0.004,0.004,0
11.18,0.004,0.004,0.004,0
11.23,0.004,0.004,0.004,0
11.28,0.004,0.004,0.004,0
11.31,0.004,0.004,0.004,0
11.33,0.004,0.004,0.004,0
11.35,0.004,0.004,0.004,0
11.38,0.004,0.004,0.004,0
11.40,0.004,0.004,0.004,0
11.41,0.004,0.004,0.004,0
11.42,0.004,0.004,0.004,0
11.43,0.004,0.004,0.004,0
11.48,0.004,0.004,0.004,0
11.50,0.109,0.109,0.109,0
11.54,1.494,1.494,1.494,0
11.56,1.494,1.494,1.494,0
11.57,1.494,1.494,1.494,0
11.60,1.494,1.494,1.494,0
11.61,1.583,1.583,1.583,0
11.64,1.583,1.583,1.583,0
11.67,1.677,1.677,1.677,0
11.68,1.774,1.774,1.774,0
11.70,1.876,1.876,1.876,0
11.72,1.876,1.876,1.876,0
11.74,1.981,1.981,1.981,0
11.75,2.091,2.091,2.091,0
11.78,2.446,2.446,2.446,0
11.79,2.704,2.704,2.704,0
11.82,2.980,2.980,2.980,0
11.84,3.429,3.429,3.429,0
11.87,3.751,3.751,3.751,0
11.90,4.453,4.453,4.453,0
11.93,4.833,4.833,4.833,0
11.95,5.438,5.438,5.438,0
11.97,5.649,5.649,5.649,0
11.99,6.084,6.084,6.084,0
12.00,6.538,6.538,6.538,0
12.04,7.252,7.252,7.252,0
12.05,7.498,7.498,7.498,0
12.08,8.261,8.261,8.261,0
12.11,9.330,9.330,9.330,0
12.15,10.167,10.167,10.167,0
12.17,11.029,11.029,11.029,0
12.24,12.810,12.810,12.810,0
12.29,14.024,14.024,14.024,0
12.30,14.633,14.633,14.633,0
12.32,15.243,15.243,15.243,0
12.33,15.849,15.849,15.849,0
12.37,16.751,16.751,16.751,0
12.38,17.049,17.049,17.049,0
12.41,17.928,17.928,17.928,0
12.43,18.215,18.215,18.215,0
12.45,19.060,19.060,19.060,0
12.47,19.060,19.060,19.060,0
12.49,19.871,19.871,19.871,0
12.51,20.133,20.133,20.133,0
12.55,20.890,20.890,20.890,0
12.57,21.131,21.131,21.131,0
12.60,21.598,21.598,21.598,0
12.61,21.823,21.823,21.823,0
12.64,22.253,22.253,22.253,0
12.66,22.458,22.458,22.458,0
12.69,23.032,23.032,23.032,0
12.72,23.379,23.379,23.379,0
12.75,23.540,23.540,23.540,0
12.76,23.840,23.840,23.840,0
12.80,23.978,23.978,23.978,0
12.81,24.229,24.229,24.229,0
12.83,24.342,24.342,24.342,0
12.85,24.446,24.446,24.446,0
13.05,24.885,24.885,24.885,0
13.34,20.890,20.890,20.890,0
13.49,17.637,17.637,17.344,0
13.56,15.243,15.243,15.243,0
13.58,14.938,14.938,14.938,0
13.60,14.329,14.329,14.329,0
13.62,13.719,13.719,13.719,0
13.63,13.112,13.112,13.112,0
13.67,12.209,12.209,12.209,0
13.69,11.615,11.615,11.615,0
13.73,10.451,10.451,10.451,0
13.76,9.885,9.885,9.885,0
13.79,9.057,9.057,9.057,0
13.82,8.261,8.261,8.261,0
13.84,8.003,8.003,8.003,0
13.93,6.538,6.538,6.538,0
13.95,6.084,6.084,6.084,0
13.97,5.864,5.864,5.864,0
14.00,5.438,5.438,5.438,0
14.04,4.833,4.833,4.833,0
14.07,4.453,4.453,4.453,0
14.09,4.271,4.271,4.271,0
14.11,4.093,4.093,4.093,0
14.12,3.920,3.920,3.920,0
14.14,3.588,3.588,3.588,0
14.16,3.429,3.429,3.429,0
14.19,3.275,3.275,3.275,0
14.22,2.980,2.980,2.980,0
14.24,2.704,2.704,2.704,0
14.26,2.446,2.446,2.446,0
14.33,1.876,1.876,1.876,0
14.39,1.494,1.494,1.494,0
14.41,1.325,1.325,1.325,0
14.45,1.171,1.171,1.171,0
14.47,1.031,1.031,1.031,0
14.49,0.904,0.904,0.904,0
14.52,0.788,0.788,0.788,0
14.54,0.685,0.685,0.685,0
14.56,0.592,0.592,0.592,0
14.58,0.509,0.509,0.509,0
14.59,0.471,0.471,0.471,0
14.61,0.401,0.401,0.401,0
14.63,0.313,0.313,0.313,0
14.65,0.262,0.262,0.262,0
14.68,0.199,0.199,0.199,0
14.70,0.181,0.181,0.181,0
14.73,0.135,0.135,0.135,0
14.74,0.121,0.121,0.121,0
14.77,0.088,0.088,0.088,0
14.78,0.070,0.070,0.070,0
14.81,0.019,0.019,0.019,0
14.82,0.008,0.008,0.008,0
14.86,0.004,0.004,0.004,0
14.88,0.004,0.004,0.004,0
14.91,0.004,0.004,0.004,0
14.92,0.004,0.004,0.004,0
14.95,0.004,0.004,0.004,0
14.97,0.004,0.004,0.004,0
14.99,0.004,0.004,0.004,0
15.02,0.004,0.004,0.004,0
15.05,0.004,0.004,0.004,0
15.07,0.004,0.004,0.004,0
15.08,0.004,0.004,0.004,0
15.11,0.004,0.004,0.004,0
15.13,0.004,0.004,0.004,0
15.14,0.004,0.004,0.004,0
15.16,0.004,0.004,0.004,0
15.18,0.004,0.004,0.004,0
15.19,0.004,0.004,0.004,0
15.21,0.004,0.004,0.004,0
15.22,0.004,0.004,0.004,0
15.24,0.004,0.004,0.004,0
15.25,0.004,0.004,0.004,0
15.33,0.004,0.004,0.004,0
15.40,0.004,0.004,0.004,0
15.42,0.004,0.004,0.004,0
15.44,0.004,0.004,0.004,0
15.48,0.004,0.004,0.004,0
15.51,0.004,0.004,0.004,0
15.53,0.004,0.004,0.004,0
15.55,0.004,0.004,0.004,0
15.57,0.004,0.004,0.004,0
15.58,0.004,0.004,0.004,0
15.59,0.004,0.004,0.004,0
15.61,0.004,0.004,0.004,0
15.63,0.004,0.004,0.004,0
15.65,0.004,0.004,0.004,0
15.66,0.004,0.004,0.004,0
15.69,0.004,0.004,0.004,0
15.70,0.004,0.004,0.004,0
15.71,0.004,0.004,0.004,0
15.72,0.004,0.004,0.004,0
15.73,0.004,0.004,0.004,0
15.75,0.004,0.004,0.004,0
15.76,0.004,0.004,0.004,0
15.78,0.004,0.004,0.004,0
15.79,0.004,0.004,0.004,0
15.81,0.004,0.004,0.004,0
15.83,0.004,0.004,0.004,0
15.84,0.004,0.004,0.004,0
15.85,0.004,0.004,0.004,0
15.87,0.004,0.004,0.004,0
15.90,0.004,0.004,0.004,0
15.91,0.004,0.004,0.004,0
15.93,0.004,0.004,0.004,0
15.95,0.004,0.004,0.004,0
15.96,0.004,0.004,0.004,0
15.98,0.549,0.549,0.549,0
15.99,1.494,1.494,1.494,0
16.01,1.494,1.494,1.494,0
16.03,1.494,1.494,1.494,0
16.05,1.494,1.494,1.494,0
16.06,1.494,1.494,1.494,0
16.08,1.583,1.583,1.583,0
16.09,1.583,1.583,1.583,0
16.12,1.583,1.583,1.583,0
16.13,1.677,1.677,1.677,0
16.14,1.677,1.677,1.677,0
16.16,1.774,1.774,1.774,0
16.18,1.876,1.876,1.876,0
16.20,1.981,1.981,1.981,0
16.22,2.205,2.205,2.205,0
16.25,2.446,2.446,2.446,0
16.26,2.704,2.704,2.704,0
16.33,3.751,3.751,3.751,0
16.38,4.641,4.641,4.641,0
16.40,5.030,5.030,5.030,0
16.43,5.649,5.649,5.649,0
16.45,6.084,6.084,6.084,0
16.47,6.538,6.538,6.538,0
16.48,6.772,6.772,6.772,0
16.50,7.252,7.252,7.252,0
16.53,7.748,7.748,7.748,0
16.55,8.523,8.523,8.523,0
16.57,9.057,9.057,9.057,0
16.60,9.885,9.885,9.885,0
16.62,10.167,10.167,10.167,0
16.65,11.321,11.321,11.321,0
16.66,11.615,11.615,11.615,0
16.69,12.209,12.209,12.209,0
16.71,13.112,13.112,13.112,0
16.73,13.719,13.719,13.719,0
16.75,14.024,14.024,14.024,0
16.77,14.938,14.938,14.938,0
16.79,15.546,15.546,15.546,0
16.81,16.151,16.151,16.151,0
16.83,16.452,16.452,16.452,0
16.87,17.637,17.637,17.637,0
16.88,17.928,17.928,17.928,0
16.91,18.500,18.500,18.500,0
16.93,19.060,19.060,19.060,0
16.95,19.605,19.605,19.605,0
16.96,19.871,19.871,19.871,0
16.98,20.390,20.390,20.390,0
16.99,20.390,20.390,20.390,0
17.01,20.890,20.890,20.890,0
17.02,21.131,21.131,21.131,0
17.04,21.368,21.368,21.368,0
17.06,21.598,21.598,21.598,0
17.09,22.041,22.041,22.041,0
17.11,22.253,22.458,22.458,0
17.12,22.458,22.458,22.458,0
17.14,22.848,22.848,22.848,0
17.15,22.848,23.032,23.032,0
17.17,23.209,23.209,23.209,0
17.19,23.379,23.379,23.379,0
17.21,23.540,23.540,23.540,0
17.23,23.840,23.840,23.840,0
17.26,23.978,23.978,23.978,0
17.33,24.541,24.541,24.541,0
17.38,24.834,24.834,24.834,0
17.40,24.834,24.834,24.834,0
17.43,24.958,24.958,24.958,0
17.49,24.958,24.958,24.958,0
17.52,24.885,24.885,24.885,0
17.55,24.774,24.774,24.774,0
17.57,24.628,24.628,24.628,0
17.59,24.541,24.541,24.541,0
17.61,24.342,24.342,24.342,0
17.63,24.108,24.108,24.108,0
17.65,23.978,23.978,23.978,0
17.66,23.840,23.840,23.840,0
17.68,23.379,23.379,23.379,0
17.70,23.209,23.209,23.209,0
17.71,22.848,22.848,22.848,0
17.74,22.458,22.458,22.458,0
17.77,21.823,21.823,21.823,0
17.78,21.598,21.598,21.598,0
17.80,21.131,21.131,21.131,0
17.81,20.642,20.642,20.642,0
17.83,20.133,20.133,20.133,0
17.85,19.871,19.871,19.871,0
17.87,19.334,19.334,19.334,0
17.88,19.060,19.060,19.060,0
17.92,18.215,18.215,18.215,0
17.93,17.928,17.928,17.928,0
17.96,17.344,17.344,17.344,0
17.98,16.751,16.751,16.751,0
18.01,16.151,16.151,16.151,0
18.03,15.243,15.243,15.243,0
18.07,14.024,14.024,14.024,0
18.08,13.719,13.719,13.719,0
18.11,12.810,12.810,12.810,0
18.12,12.509,12.509,12.509,0
18.15,11.911,11.911,11.911,0
18.16,11.321,11.321,11.321,0
18.18,11.029,11.029,11.029,0
18.20,10.451,10.451,10.451,0
18.23,9.606,9.606,9.606,0
18.27,9.057,9.057,9.057,0
18.34,7.252,7.252,7.252,0
18.39,6.538,6.538,6.538,0
18.42,6.084,6.084,6.084,0
18.45,5.649,5.649,5.649,0
18.47,5.438,5.438,5.438,0
18.48,5.030,5.030,5.030,0
18.50,5.030,5.030,5.030,0
18.52,4.641,4.641,4.641,0
18.53,4.453,4.453,4.453,0
18.55,4.271,4.271,4.271,0
18.56,4.093,4.093,4.093,0
18.58,3.920,3.920,3.920,0
18.60,3.751,3.751,3.751,0
18.63,3.429,3.429,3.429,0
18.64,3.275,3.275,3.275,0
18.66,3.125,3.125,3.125,0
18.69,2.840,2.840,2.840,0
18.70,2.704,2.704,2.704,0
18.73,2.446,2.446,2.446,0
18.74,2.323,2.323,2.323,0
18.76,2.205,2.205,2.205,0
18.77,2.091,2.091,2.091,0
18.79,1.981,1.981,1.981,0
18.81,1.774,1.774,1.774,0
18.83,1.677,1.677,1.677,0
18.84,1.583,1.583,1.583,0
18.86,1.494,1.494,1.494,0
18.87,1.408,1.408,1.408,0
18.89,1.325,1.325,1.325,0
18.91,1.171,1.171,1.171,0
18.92,1.099,1.099,1.099,0
18.94,1.031,1.031,1.031,0
18.95,0.904,0.904,0.904,0
18.97,0.845,0.845,0.845,0
18.98,0.788,0.788,0.788,0
19.00,0.685,0.685,0.685,0
19.01,0.637,0.637,0.637,0
19.03,0.549,0.549,0.549,0
19.05,0.509,0.509,0.509,0
19.07,0.401,0.401,0.401,0
19.08,0.370,0.370,0.370,0
19.10,0.313,0.313,0.313,0
19.11,0.287,0.287,0.287,0
19.13,0.240,0.240,0.240,0
19.17,0.181,0.181,0.181,0
19.20,0.135,0.135,0.135,0
19.22,0.098,0.098,0.098,0
19.24,0.070,0.070,0.070,0
19.26,0.043,0.043,0.043,0
19.33,0.004,0.004,0.004,0
19.39,0.004,0.004,0.004,0
19.40,0.004,0.004,0.004,0
19.42,0.004,0.004,0.004,0
19.46,0.004,0.004,0.004,0
19.47,0.004,0.004,0.004,0
19.49,0.004,0.004,0.004,0
19.50,0.004,0.004,0.004,0
19.52,0.004,0.004,0.004,0
19.53,0.004,0.004,0.004,0
19.55,0.004,0.004,0.004,0
19.56,0.004,0.004,0.004,0
19.57,0.004,0.004,0.004,0
19.59,0.004,0.004,0.004,0
19.61,0.004,0.004,0.004,0
19.62,0.004,0.004,0.004,0
19.63,0.004,0.004,0.004,0
19.65,0.004,0.004,0.004,0
19.68,0.004,0.004,0.004,0
19.69,0.004,0.004,0.004,0
19.70,0.004,0.004,0.004,0
19.72,0.004,0.004,0.004,0
19.73,0.004,0.004,0.004,0
19.74,0.004,0.004,0.004,0
19.77,0.004,0.004,0.004,0
19.78,0.004,0.004,0.004,0
19.80,0.004,0.004,0.004,0
19.82,0.004,0.004,0.004,0
19.83,0.004,0.004,0.004,0
19.85,0.004,0.004,0.004,0
19.87,0.004,0.004,0.004,0
19.88,0.004,0.004,0.004,0
19.90,0.004,0.004,0.004,0
19.91,0.004,0.004,0.004,0
19.93,0.004,0.004,0.004,0
19.95,0.004,0.004,0.004,0
19.96,0.004,0.004,0.004,0
19.97,0.004,0.004,0.004,0
19.99,0.004,0.004,0.004,0
20.00,0.004,0.004,0.004,0
20.01,0.004,0.004,0.004,0
20.03,0.004,0.004,0.004,0
20.04,0.004,0.004,0.004,0
20.07,0.004,0.004,0.004,0
20.08,0.004,0.004,0.004,0
20.09,0.004,0.004,0.004,0
20.11,0.004,0.004,0.004,0
20.12,0.004,0.004,0.004,0
20.13,0.004,0.004,0.004,0
20.15,0.004,0.004,0.004,0
20.16,0.004,0.004,0.004,0
20.19,0.004,0.004,0.004,0
20.21,0.004,0.004,0.004,0
20.23,0.004,0.004,0.004,0
20.25,0.004,0.004,0.004,0
20.32,0.004,0.004,0.004,0
20.37,0.004,0.004,0.004,0
20.39,0.004,0.004,0.004,0
20.41,0.004,0.004,0.004,0
20.43,0.004,0.004,0.004,0
20.45,0.735,0.735,0.735,0
20.47,1.494,1.494,1.494,0
20.48,1.494,1.494,1.494,0
20.49,1.494,1.494,1.494,0
20.52,1.494,1.494,1.494,0
20.53,1.494,1.494,1.494,0
20.55,1.583,1.583,1.583,0
20.56,1.583,1.583,1.583,0
20.57,1.583,1.583,1.583,0
20.59,1.677,1.677,1.677,0
20.62,1.774,1.774,1.774,0
20.64,1.876,1.876,1.876,0
20.67,1.981,1.981,1.981,0
20.68,2.091,2.091,2.091,0
20.70,2.323,2.323,2.323,0
20.72,2.573,2.573,2.573,0
20.75,2.980,2.980,2.980,0
20.77,3.275,3.275,3.275,0
20.80,3.751,3.751,3.751,0
20.81,3.920,3.920,3.920,0
20.83,4.271,4.271,4.271,0
20.84,4.453,4.453,4.453,0
20.87,5.030,5.030,5.030,0
20.89,5.438,5.438,5.438,0
20.92,6.084,6.084,6.084,0
20.94,6.538,6.538,6.538,0
20.96,7.009,7.009,7.009,0
20.97,7.252,7.252,7.252,0
21.00,8.003,8.003,8.003,0
21.01,8.261,8.261,8.261,0
21.03,9.057,9.057,9.057,0
21.05,9.330,9.330,9.330,0
21.08,10.167,10.167,10.167,0
21.10,10.739,10.739,10.739,0
21.13,11.615,11.615,11.615,0
21.14,11.911,11.911,11.911,0
21.17,12.810,12.810,12.810,0
21.18,13.112,13.112,13.112,0
21.21,14.024,14.024,14.024,0
21.23,14.633,14.633,14.633,0
21.26,15.243,15.243,15.546,0
21.35,17.928,17.928,17.928,0
21.41,19.334,19.334,19.334,0
21.43,19.871,19.871,19.871,0
21.49,20.890,20.890,20.890,0
21.50,21.131,21.131,21.131,0
21.52,21.598,21.598,21.598,0
21.54,21.823,21.823,21.823,0
21.56,22.253,22.253,22.253,0
21.58,22.458,22.458,22.458,0
21.60,22.656,22.656,22.656,0
21.62,22.848,22.848,22.848,0
21.64,23.209,23.209,23.209,0
21.66,23.379,23.379,23.379,0
21.69,23.694,23.694,23.694,0
21.72,23.978,23.978,23.978,0
21.74,24.108,24.108,24.108,0
21.76,24.342,24.342,24.342,0
21.79,24.541,24.541,24.541,0
21.81,24.628,24.628,24.628,0
21.83,24.774,24.774,24.774,0
21.85,24.834,24.834,24.834,0
21.87,24.885,24.885,24.885,0
21.89,24.926,24.926,24.926,0
21.90,24.958,24.958,24.958,0
21.92,24.995,24.995,24.995,0
21.93,24.995,24.995,24.995,0
21.95,24.958,24.958,24.958,0
21.96,24.926,24.926,24.926,0
21.98,24.885,24.885,24.885,0
22.00,24.834,24.834,24.834,0
22.02,24.774,24.774,24.774,0
22.04,24.628,24.628,24.628,0
22.10,24.446,24.446,24.446,0
22.11,23.978,23.978,23.978,0
22.13,23.694,23.694,23.694,0
22.14,23.540,23.540,23.540,0
22.17,23.209,23.209,23.209,0
22.18,22.848,22.848,22.848,0
22.21,22.253,22.253,22.253,0
22.23,21.823,21.823,21.823,0
22.26,21.131,21.131,21.131,0
22.32,19.605,19.605,19.605,0
22.37,18.500,18.500,18.500,0
22.39,17.928,17.928,17.928,0
22.40,17.928,17.928,17.928,0
22.41,17.637,17.637,17.637,0
22.42,17.344,17.344,17.344,0
22.45,16.452,16.452,16.452,0
22.47,16.151,16.151,16.151,0
22.50,15.243,15.243,15.243,0
22.51,14.633,14.633,14.633,0
22.55,14.024,14.024,14.024,0
22.57,13.112,13.112,13.112,0
22.60,12.209,12.209,12.209,0
22.62,11.615,11.615,11.615,0
22.65,10.739,10.739,10.739,0
22.67,10.167,10.167,10.167,0
22.69,9.606,9.606,9.606,0
22.70,9.330,9.330,9.330,0
22.73,8.788,8.788,8.788,0
22.76,8.523,8.523,8.261,0
22.78,7.748,7.748,7.748,0
22.81,7.252,7.252,7.252,0
22.82,7.009,7.009,7.009,0
22.85,6.538,6.538,6.538,0
22.86,6.309,6.309,6.309,0
22.89,6.084,6.084,6.084,0
22.90,5.864,5.864,5.864,0
22.92,5.438,5.438,5.438,0
22.94,5.231,5.231,5.231,0
22.97,5.030,5.030,5.030,0
22.98,4.641,4.641,4.641,0
23.01,4.453,4.453,4.453,0
23.02,4.271,4.271,4.271,0
23.04,4.093,4.093,4.093,0
23.05,3.920,3.920,3.920,0
23.07,3.588,3.588,3.588,0
23.09,3.429,3.429,3.429,0
23.11,3.275,3.275,3.275,0
23.12,3.125,3.125,3.125,0
23.14,2.980,2.980,2.980,0
23.16,2.840,2.840,2.840,0
23.18,2.573,2.573,2.573,0
23.20,2.446,2.446,2.446,0
23.21,2.323,2.323,2.323,0
23.23,2.205,2.205,2.205,0
23.25,2.091,2.091,2.091,0
23.36,1.247,1.247,1.247,0
23.41,0.966,0.966,0.966,0
23.44,0.845,0.845,0.845,0
23.48,0.637,0.637,0.637,0
23.50,0.549,0.549,0.549,0
23.52,0.471,0.471,0.471,0
23.54,0.401,0.401,0.401,0
23.57,0.313,0.313,0.313,0
23.60,0.240,0.240,0.240,0
23.61,0.219,0.219,0.219,0
23.63,0.181,0.181,0.181,0
23.64,0.149,0.149,0.149,0
23.66,0.135,0.135,0.135,0
23.67,0.121,0.121,0.121,0
23.69,0.098,0.098,0.098,0
23.71,0.070,0.070,0.070,0
23.74,0.043,0.043,0.043,0
23.75,0.019,0.019,0.019,0
23.77,0.004,0.004,0.004,0
23.79,0.004,0.004,0.004,0
23.81,0.004,0.004,0.004,0
23.82,0.004,0.004,0.004,0
23.84,0.004,0.004,0.004,0
23.85,0.004,0.004,0.004,0
23.88,0.004,0.004,0.004,0
23.89,0.004,0.004,0.004,0
23.91,0.004,0.004,0.004,0
23.93,0.004,0.004,0.004,0
23.95,0.004,0.004,0.004,0
23.97,0.004,0.004,0.004,0
23.98,0.004,0.004,0.004,0
24.00,0.004,0.004,0.004,0
24.01,0.004,0.004,0.004,0
24.02,0.004,0.004,0.004,0
24.03,0.004,0.004,0.004,0
24.04,0.004,0.004,0.004,0
24.08,0.004,0.004,0.004,0
24.10,0.004,0.004,0.004,0
24.11,0.004,0.004,0.004,0
24.13,0.004,0.004,0.004,0
24.14,0.004,0.004,0.004,0
24.16,0.004,0.004,0.004,0
24.18,0.004,0.004,0.004,0
24.20,0.004,0.004,0.004,0
24.21,0.004,0.004,0.004,0
24.23,0.004,0.004,0.004,0
24.24,0.004,0.004,0.004,0
24.26,0.004,0.004,0.004,0
24.35,0.004,0.004,0.004,0
24.40,0.004,0.004,0.004,0
24.41,0.004,0.004,0.004,0
24.43,0.004,0.004,0.004,0
24.44,0.004,0.004,0.004,0
24.47,0.004,0.004,0.004,0
24.49,0.004,0.004,0.004,0
24.50,0.004,0.004,0.004,0
24.53,0.004,0.004,0.004,0
24.54,0.004,0.004,0.004,0
24.55,0.004,0.004,0.004,0
24.56,0.004,0.004,0.004,0
24.58,0.004,0.004,0.004,0
24.59,0.004,0.004,0.004,0
24.61,0.004,0.004,0.004,0
24.63,0.004,0.004,0.004,0
24.63,0.004,0.004,0.004,0
24.64,0.004,0.004,0.004,0
24.67,0.004,0.004,0.004,0
24.69,0.004,0.004,0.004,0
24.71,0.004,0.004,0.004,0
24.72,0.004,0.004,0.004,0
24.75,0.004,0.004,0.004,0
24.77,0.004,0.004,0.004,0
24.80,0.004,0.004,0.004,0
24.82,0.004,0.004,0.004,0
24.83,0.004,0.004,0.004,0
24.84,0.004,0.004,0.004,0
24.85,0.004,0.004,0.004,0
24.88,0.004,0.004,0.004,0
24.89,0.004,0.004,0.004,0
24.91,0.845,0.845,0.845,0
24.92,1.494,1.494,1.494,0
24.95,1.494,1.494,1.494,0
24.97,1.494,1.494,1.494,0
24.99,1.494,1.494,1.494,0
25.00,1.494,1.494,1.494,0
25.02,1.583,1.583,1.583,0
25.04,1.583,1.583,1.583,0
25.06,1.677,1.677,1.677,0
25.08,1.677,1.677,1.677,0
25.10,1.876,1.876,1.876,0
25.12,1.981,1.981,1.981,0
25.14,2.091,2.091,2.091,0
25.15,2.205,2.205,2.205,0
25.18,2.573,2.573,2.573,0
25.20,2.704,2.704,2.704,0
25.23,3.125,3.125,3.125,0
25.24,3.275,3.275,3.275,0
25.26,3.588,3.588,3.588,0
25.33,4.833,4.833,4.833,0
25.39,6.084,6.084,6.084,0
25.40,6.309,6.309,6.538,0
25.43,7.252,7.252,7.252,0
25.50,8.788,8.788,8.788,0
25.53,9.885,9.885,9.885,0
25.55,10.167,10.167,10.167,0
25.58,11.321,11.321,11.321,0
25.59,11.615,11.615,11.615,0
25.62,12.509,12.509,12.509,0
25.64,12.810,12.810,12.810,0
25.68,14.024,14.024,14.024,0
25.69,14.329,14.329,14.329,0
25.72,15.243,15.243,15.243,0
25.74,16.151,16.151,16.151,0
25.77,16.751,16.751,16.751,0
25.78,17.049,17.049,17.049,0
25.80,17.637,17.637,17.637,0
25.83,18.500,18.500,18.500,0
25.85,19.060,19.060,19.060,0
25.87,19.334,19.334,19.334,0
25.89,19.605,19.605,19.605,0
25.91,20.133,20.133,20.133,0
25.93,20.642,20.642,20.642,0
25.95,20.890,20.890,20.890,0
25.97,21.131,21.131,21.131,0
25.98,21.368,21.368,21.368,0
26.00,21.823,21.823,21.823,0
26.01,22.041,22.041,22.041,0
26.04,22.253,22.253,22.253,0
26.06,22.458,22.458,22.458,0
26.08,22.848,22.848,22.848,0
26.11,23.209,23.209,23.209,0
26.13,23.540,23.540,23.540,0
26.15,23.694,23.694,23.694,0
26.17,23.840,23.840,23.840,0
26.20,24.108,24.108,24.108,0
26.22,24.229,24.229,24.229,0
26.24,24.342,24.446,24.446,0
26.26,24.541,24.541,24.541,0
26.32,24.834,24.834,24.834,0
26.37,24.958,24.958,24.958,0
26.38,24.982,24.982,24.982,0
26.40,24.982,24.982,24.982,0
26.42,24.958,24.958,24.958,0
26.43,24.926,24.926,24.926,0
26.45,24.885,24.885,24.885,0
26.47,24.834,24.834,24.834,0
26.49,24.705,24.705,24.705,0
26.51,24.541,24.541,24.541,0
26.52,24.541,24.541,24.541,0
26.56,24.342,24.342,24.229,0
26.57,23.978,23.978,23.978,0
26.61,23.540,23.540,23.540,0
26.62,23.379,23.379,23.379,0
26.65,22.848,22.848,22.848,0
26.66,22.656,22.656,22.656,0
26.68,22.253,22.253,22.253,0
26.71,21.598,21.598,21.598,0
26.74,20.890,20.890,20.890,0
26.77,20.133,20.133,20.133,0
26.80,19.334,19.334,19.334,0
26.82,18.782,18.782,18.782,0
26.85,17.928,17.928,17.928,0
26.86,17.928,17.928,17.928,0
26.88,17.637,17.637,17.637,0
26.89,17.344,17.344,17.344,0
26.92,16.751,16.751,16.751,0
26.93,16.151,16.151,16.151,0
26.95,15.546,15.546,15.546,0
26.96,15.243,15.243,15.243,0
26.98,14.633,14.633,14.633,0
27.00,14.024,14.024,14.024,0
27.02,13.415,13.415,13.415,0
27.03,13.112,13.112,13.112,0
27.06,12.509,12.509,12.509,0
27.07,12.209,12.209,12.209,0
27.09,11.615,11.615,11.615,0
27.10,11.321,11.321,11.321,0
27.12,10.739,10.739,10.739,0
27.13,10.451,10.167,10.167,0
27.15,9.606,9.606,9.606,0
27.17,9.330,9.330,9.330,0
27.20,8.788,8.788,8.788,0
27.22,8.261,8.261,8.261,0
27.25,7.748,7.748,7.748,0
27.27,7.252,7.252,7.252,0
27.37,5.864,5.864,5.864,0
27.43,4.833,4.833,4.833,0
27.48,4.271,4.271,4.271,0
27.52,3.920,3.920,3.920,0
27.53,3.751,3.751,3.751,0
27.55,3.429,3.429,3.429,0
27.56,3.429,3.429,3.429,0
27.60,3.125,3.125,3.125,0
27.61,2.980,2.980,2.980,0
27.63,2.704,2.704,2.704,0
27.65,2.573,2.573,2.573,0
27.67,2.446,2.446,2.446,0
27.69,2.205,2.205,2.205,0
27.72,1.981,1.981,1.981,0
27.74,1.876,1.876,1.876,0
27.76,1.677,1.677,1.677,0
27.78,1.494,1.494,1.494,0
27.82,1.325,1.325,1.325,0
27.84,1.171,1.171,1.171,0
27.87,1.031,1.031,1.031,0
27.89,0.904,0.904,0.845,0
27.92,0.735,0.735,0.735,0
27.94,0.637,0.637,0.637,0
27.97,0.549,0.549,0.549,0
27.98,0.509,0.509,0.509,0
28.01,0.401,0.401,0.401,0
28.02,0.370,0.370,0.370,0
28.05,0.287,0.287,0.287,0
28.09,0.199,0.199,0.199,0
28.11,0.164,0.164,0.164,0
28.12,0.135,0.135,0.135,0
28.15,0.109,0.109,0.109,0
28.16,0.088,0.088,0.088,0
28.18,0.055,0.055,0.055,0
28.20,0.043,0.043,0.043,0
28.22,0.019,0.019,0.019,0
28.25,0.004,0.004,0.004,0
28.33,0.004,0.004,0.004,0
28.39,0.004,0.004,0.004,0
28.41,0.004,0.004,0.004,0
28.43,0.004,0.004,0.004,0
28.45,0.004,0.004,0.004,0
28.47,0.004,0.004,0.004,0
28.48,0.004,0.004,0.004,0
28.50,0.004,0.004,0.004,0
28.51,0.004,0.004,0.004,0
28.52,0.004,0.004,0.004,0
28.55,0.004,0.004,0.004,0
28.58,0.004,0.004,0.004,0
28.60,0.004,0.004,0.004,0
28.61,0.004,0.004,0.004,0
28.63,0.004,0.004,0.004,0
28.64,0.004,0.004,0.004,0
28.65,0.004,0.004,0.004,0
28.67,0.004,0.004,0.004,0
28.69,0.004,0.004,0.004,0
28.71,0.004,0.004,0.004,0
28.73,0.004,0.004,0.004,0
28.75,0.004,0.004,0.004,0
28.77,0.004,0.004,0.004,0
28.79,0.004,0.004,0.004,0
28.80,0.004,0.004,0.004,0
28.81,0.004,0.004,0.004,0
28.83,0.004,0.004,0.004,0
28.85,0.004,0.004,0.004,0
28.86,0.004,0.004,0.004,0
28.89,0.004,0.004,0.004,0
28.90,0.004,0.004,0.004,0
28.91,0.004,0.004,0.004,0
28.93,0.004,0.004,0.004,0
28.94,0.004,0.004,0.004,0
28.95,0.004,0.004,0.004,0
28.97,0.004,0.004,0.004,0
28.99,0.004,0.004,0.004,0
29.00,0.004,0.004,0.004,0
29.02,0.004,0.004,0.004,0
29.03,0.004,0.004,0.004,0
29.04,0.004,0.004,0.004,0
29.06,0.004,0.004,0.004,0
29.07,0.004,0.004,0.004,0
29.08,0.004,0.004,0.004,0
29.10,0.004,0.004,0.004,0
29.12,0.004,0.004,0.004,0
29.13,0.004,0.004,0.004,0
29.14,0.004,0.004,0.004,0
29.16,0.004,0.004,0.004,0
29.18,0.004,0.004,0.004,0
29.20,0.004,0.004,0.004,0
29.21,0.004,0.004,0.004,0
29.22,0.004,0.004,0.004,0
29.24,0.004,0.004,0.004,0
29.27,0.004,0.004,0.004,0
29.34,0.004,0.004,0.004,0
29.40,1.494,1.494,1.494,0
29.41,1.494,1.494,1.494,0
29.43,1.494,1.494,1.494,0
29.47,1.494,1.494,1.494,0
29.49,1.583,1.583,1.583,0
29.51,1.583,1.583,1.583,0
29.53,1.677,1.677,1.677,0
29.54,1.677,1.677,1.677,0
29.56,1.774,1.774,1.774,0
29.57,1.876,1.876,1.876,0
29.58,1.876,1.876,1.876,0
29.61,1.981,1.981,1.981,0
29.62,2.091,2.091,2.091,0
29.63,2.205,2.205,2.205,0
29.65,2.446,2.573,2.573,0
29.67,2.704,2.704,2.704,0
29.69,2.980,2.980,2.980,0
29.71,3.275,3.275,3.275,0
29.72,3.429,3.429,3.429,0
29.75,3.920,3.920,3.920,0
29.76,4.093,4.093,4.093,0
29.78,4.453,4.453,4.641,0
29.79,4.833,4.833,4.833,0
29.81,5.030,5.030,5.030,0
29.83,5.649,5.649,5.649,0
29.84,5.864,5.864,5.864,0
29.86,6.084,6.084,6.084,0
29.89,6.772,6.772,6.772,0
29.90,7.009,7.009,7.009,0
29.92,7.498,7.498,7.498,0
29.94,8.003,8.003,8.003,0
29.96,8.788,8.788,8.788,0
29.97,9.057,9.057,9.057,0
30.00,9.606,9.606,9.606,0
30.02,10.167,10.167,10.167,0
30.04,10.739,10.739,10.739,0
30.05,11.029,11.029,11.029,0
30.07,11.615,11.615,11.615,0
30.08,12.209,12.209,12.209,0
30.10,12.810,12.810,12.810,0
30.13,13.719,13.719,13.719,0
30.15,14.024,14.024,14.024,0
30.17,14.938,14.938,14.938,0
30.19,15.243,15.243,15.243,0
30.22,16.151,16.151,16.151,0
30.24,16.751,16.751,16.751,0
30.26,17.344,17.344,17.344,0
30.35,19.334,19.334,19.334,0
30.39,20.390,20.390,20.390,0
30.41,20.642,20.642,20.642,0
30.44,21.131,21.131,21.131,0
30.45,21.368,21.368,21.368,0
30.47,21.823,21.823,21.823,0
30.50,22.041,22.041,22.041,0
30.52,22.458,22.458,22.458,0
30.54,22.656,22.656,22.656,0
30.56,22.848,22.848,22.848,0
30.57,23.209,23.209,23.209,0
30.59,23.209,23.209,23.209,0
30.61,23.540,23.540,23.540,0
30.63,23.694,23.694,23.694,0
30.66,23.978,23.978,23.978,0
30.67,24.108,24.108,24.108,0
30.69,24.229,24.229,24.229,0
30.71,24.342,24.342,24.342,0
30.73,24.541,24.541,24.541,0
30.74,24.628,24.628,24.628,0
30.76,24.705,24.705,24.705,0
30.78,24.774,24.774,24.774,0
30.80,24.885,24.885,24.885,0
30.82,24.926,24.926,24.926,0
30.84,24.958,24.958,24.958,0
30.85,24.982,24.982,24.982,0
30.87,24.982,24.982,24.982,0
30.90,24.958,24.958,24.958,0
30.93,24.834,24.834,24.834,0
30.94,24.774,24.774,24.774,0
30.97,24.628,24.628,24.628,0
30.98,24.541,24.541,24.541,0
31.01,24.446,24.446,24.446,0
31.02,24.229,24.229,24.229,0
31.05,23.978,23.978,23.978,0
31.06,23.840,23.840,23.840,0
31.08,23.540,23.540,23.540,0
31.09,23.379,23.379,23.379,0
31.13,22.656,22.656,22.656,0
31.14,22.458,22.458,22.458,0
31.16,22.041,22.041,22.041,0
31.18,21.598,21.598,21.598,0
31.19,21.368,21.368,21.131,0
31.22,20.390,20.390,20.390,0
31.24,20.133,20.133,20.133,0
31.25,19.871,19.871,19.871,0
31.32,17.928,17.928,17.928,0
31.37,17.049,17.049,17.049,0
31.39,16.751,16.751,16.751,0
31.41,16.151,16.151,16.151,0
31.42,15.546,15.546,15.546,0
31.46,14.329,14.329,14.329,0
31.48,14.024,14.024,14.024,0
31.50,13.415,13.415,13.415,0
31.51,13.112,13.112,13.112,0
31.53,12.209,12.209,12.209,0
31.56,11.615,11.615,11.615,0
31.58,10.739,10.739,10.739,0
31.61,10.167,10.167,10.167,0
31.63,9.606,9.606,9.606,0
31.65,9.057,9.057,9.057,0
31.68,8.523,8.523,8.523,0
31.70,8.261,8.261,8.261,0
31.73,7.498,7.498,7.498,0
31.75,7.252,7.252,7.252,0
31.77,6.772,6.772,6.772,0
31.80,6.309,6.309,6.309,0
31.82,6.084,6.084,6.084,0
31.85,5.649,5.649,5.649,0
31.86,5.438,5.438,5.438,0
31.88,5.231,5.231,5.231,0
31.91,4.833,4.833,4.833,0
31.92,4.641,4.641,4.641,0
31.95,4.453,4.453,4.453,0
31.96,4.271,4.271,4.271,0
31.98,3.920,3.920,3.920,0
31.99,3.920,3.920,3.920,0
32.01,3.588,3.588,3.588,0
32.03,3.429,3.429,3.429,0
32.06,3.125,3.125,3.125,0
32.08,2.980,2.980,2.980,0
32.09,2.840,2.840,2.840,0
32.11,2.573,2.573,2.573,0
32.14,2.446,2.446,2.446,0
32.17,2.205,2.205,2.205,0
32.20,1.981,1.981,1.981,0
32.22,1.774,1.774,1.774,0
32.24,1.677,1.677,1.677,0
32.26,1.494,1.494,1.494,0
32.36,0.966,0.966,0.966,0
32.42,0.592,0.592,0.592,0
32.44,0.549,0.549,0.549,0
32.47,0.435,0.435,0.435,0
32.48,0.401,0.401,0.401,0
32.50,0.340,0.340,0.340,0
32.51,0.287,0.287,0.287,0
32.54,0.240,0.240,0.240,0
32.55,0.199,0.199,0.199,0
32.58,0.164,0.164,0.164,0
32.58,0.149,0.149,0.149,0
32.62,0.109,0.109,0.109,0
32.63,0.098,0.098,0.098,0
32.66,0.055,0.055,0.055,0
32.67,0.043,0.043,0.043,0
32.69,0.019,0.019,0.019,0
32.70,0.004,0.004,0.004,0
32.73,0.004,0.004,0.004,0
32.74,0.004,0.004,0.004,0
32.77,0.004,0.004,0.004,0
32.78,0.004,0.004,0.004,0
32.80,0.004,0.004,0.004,0
32.81,0.004,0.004,0.004,0
32.82,0.004,0.004,0.004,0
32.83,0.004,0.004,0.004,0
32.87,0.004,0.004,0.004,0
32.88,0.004,0.004,0.004,0
32.90,0.004,0.004,0.004,0
32.91,0.004,0.004,0.004,0
32.94,0.004,0.004,0.004,0
32.95,0.004,0.004,0.004,0
32.96,0.004,0.004,0.004,0
32.98,0.004,0.004,0.004,0
33.00,0.004,0.004,0.004,0
33.02,0.004,0.004,0.004,0
33.03,0.004,0.004,0.004,0
33.04,0.004,0.004,0.004,0
33.06,0.004,0.004,0.004,0
33.08,0.004,0.004,0.004,0
33.10,0.004,0.004,0.004,0
33.11,0.004,0.004,0.004,0
33.12,0.004,0.004,0.004,0
33.14,0.004,0.004,0.004,0
33.16,0.004,0.004,0.004,0
33.18,0.004,0.004,0.004,0
33.19,0.004,0.004,0.004,0
33.21,0.004,0.004,0.004,0
33.22,0.004,0.004,0.004,0
33.23,0.004,0.004,0.004,0
33.24,0.004,0.004,0.004,0
33.29,0.004,0.004,0.004,0
33.37,0.004,0.004,0.004,0
33.41,0.004,0.004,0.004,0
33.44,0.004,0.004,0.004,0
33.48,0.004,0.004,0.004,0
33.49,0.004,0.004,0.004,0
33.52,0.004,0.004,0.004,0
33.53,0.004,0.004,0.004,0
33.54,0.004,0.004,0.004,0
33.56,0.004,0.004,0.004,0
33.58,0.004,0.004,0.004,0
33.59,0.004,0.004,0.004,0
33.61,0.004,0.004,0.004,0
33.62,0.004,0.004,0.004,0
33.63,0.004,0.004,0.004,0
33.65,0.004,0.004,0.004,0
33.66,0.004,0.004,0.004,0
33.68,0.004,0.004,0.004,0
33.69,0.004,0.004,0.004,0
33.70,0.004,0.004,0.004,0
33.72,0.004,0.004,0.004,0
33.75,0.004,0.004,0.004,0
33.76,0.004,0.004,0.004,0
33.77,0.004,0.004,0.004,0
33.79,0.004,0.004,0.004,0
33.80,0.004,0.004,0.004,0
33.81,0.004,0.004,0.004,0
33.82,0.004,0.004,0.004,0
33.84,0.121,0.121,0.121,0
33.87,1.494,1.494,1.494,0
33.88,1.494,1.494,1.494,0
33.89,1.494,1.494,1.494,0
33.90,1.494,1.494,1.494,0
33.93,1.494,1.494,1.494,0
33.95,1.494,1.494,1.494,0
33.96,1.583,1.583,1.583,0
33.99,1.583,1.583,1.583,0
34.00,1.677,1.677,1.677,0
34.01,1.677,1.677,1.677,0
34.04,1.774,1.774,1.774,0
34.05,1.876,1.876,1.876,0
34.06,1.981,1.981,1.981,0
34.09,2.091,2.091,2.091,0
34.10,2.323,2.323,2.323,0
34.13,2.573,2.573,2.573,0
34.15,2.840,2.840,2.840,0
34.16,2.980,2.980,2.980,0
34.19,3.275,3.275,3.429,0
34.21,3.751,3.751,3.751,0
34.23,4.271,4.271,4.271,0
34.25,4.453,4.453,4.453,0
34.34,6.538,6.538,6.538,0
34.44,8.788,8.788,8.788,0
34.45,9.330,9.330,9.330,0
34.48,9.885,9.885,9.885,0
34.50,10.451,10.451,10.451,0
34.52,11.321,11.321,11.321,0
34.54,11.615,11.615,11.615,0
34.57,12.509,12.509,12.509,0
34.58,13.112,13.112,13.112,0
34.61,13.719,13.719,13.719,0
34.63,14.329,14.329,14.329,0
34.66,15.243,15.243,15.243,0
34.68,16.151,16.151,16.151,0
34.71,16.751,16.751,16.751,0
34.74,17.637,17.637,17.637,0
34.76,18.215,18.215,18.215,0
34.78,18.500,18.500,18.500,0
34.80,19.060,19.060,19.060,0
34.83,19.605,19.605,19.605,0
34.85,20.133,20.133,20.133,0
34.86,20.390,20.390,20.390,0
34.89,20.890,20.890,20.890,0
34.90,21.131,21.131,21.131,0
34.93,21.598,21.598,21.598,0
34.95,21.823,21.823,21.823,0
34.97,22.253,22.253,22.253,0
34.98,22.458,22.458,22.458,0
35.00,22.656,22.656,22.656,0
35.02,22.848,22.848,22.848,0
35.08,23.379,23.379,23.379,0
35.11,23.840,23.840,23.840,0
35.15,24.108,24.108,24.108,0
35.18,24.342,24.342,24.342,0
35.22,24.628,24.628,24.628,0
35.25,24.774,24.774,24.774,0
35.34,24.995,24.982,24.982,0
35.40,24.834,24.834,24.834,0
35.42,24.774,24.774,24.774,0
35.46,24.541,24.541,24.541,0
35.48,24.342,24.342,24.342,0
35.51,23.978,23.978,23.978,0
35.54,23.694,23.694,23.694,0
35.56,23.379,23.379,23.379,0
35.58,23.032,23.032,23.032,0
35.60,22.458,22.458,22.458,0
35.62,22.253,22.253,22.253,0
35.64,21.598,21.598,21.598,0
35.66,21.368,21.368,21.368,0
35.69,20.642,20.642,20.642,0
35.70,20.390,20.390,20.390,0
35.72,19.871,19.871,19.871,0
35.74,19.334,19.334,19.334,0
35.76,18.782,18.782,18.782,0
35.77,18.500,18.500,18.500,0
35.80,17.928,17.928,17.928,0
35.84,17.344,17.344,17.344,0
35.87,16.151,16.151,16.151,0
35.89,15.849,15.849,15.849,0
35.93,14.633,14.633,14.633,0
35.94,14.024,14.024,14.024,0
35.96,13.415,13.415,13.415,0
35.98,12.810,12.810,12.810,0
36.01,12.209,12.209,12.209,0
36.02,11.911,11.615,11.615,0
36.04,11.029,11.029,11.029,0
36.05,10.739,10.739,10.739,0
36.07,10.167,10.167,10.167,0
36.09,9.885,9.885,9.885,0
36.11,9.330,9.330,9.330,0
36.13,8.788,8.788,8.788,0
36.15,8.523,8.523,8.523,0
36.16,8.261,8.261,8.261,0
36.18,8.003,8.003,8.003,0
36.20,7.498,7.498,7.498,0
36.23,7.009,7.009,7.009,0
36.25,6.772,6.772,6.772,0
36.26,6.538,6.538,6.538,0
36.33,5.438,5.438,5.438,0
36.40,4.641,4.641,4.641,0
36.42,4.271,4.271,4.271,0
36.45,4.093,4.093,4.093,0
36.46,3.920,3.920,3.751,0
36.50,3.429,3.429,3.429,0
36.51,3.275,3.275,3.275,0
36.53,3.125,3.125,3.125,0
36.55,2.840,2.840,2.840,0
36.58,2.704,2.704,2.704,0
36.59,2.573,2.573,2.573,0
36.61,2.323,2.323,2.323,0
36.62,2.205,2.205,2.205,0
36.65,2.091,2.091,2.091,0
36.66,1.981,1.981,1.981,0
36.68,1.774,1.774,1.774,0
36.69,1.774,1.774,1.774,0
36.71,1.583,1.583,1.583,0
36.73,1.494,1.494,1.494,0
36.76,1.325,1.325,1.325,0
36.78,1.171,1.171,1.171,0
36.81,1.031,1.031,1.031,0
36.83,0.904,0.904,0.904,0
36.86,0.735,0.735,0.735,0
36.87,0.685,0.685,0.685,0
36.90,0.592,0.592,0.592,0
36.92,0.509,0.509,0.509,0
36.96,0.370,0.370,0.370,0
36.97,0.313,0.313,0.313,0
37.00,0.262,0.262,0.262,0
37.01,0.219,0.219,0.219,0
37.04,0.181,0.181,0.181,0
37.05,0.149,0.149,0.149,0
37.07,0.121,0.121,0.121,0
37.10,0.109,0.109,0.109,0
37.12,0.070,0.070,0.070,0
37.13,0.043,0.043,0.043,0
37.15,0.019,0.019,0.019,0
37.16,0.008,0.008,0.008,0
37.20,0.004,0.004,0.004,0
37.21,0.004,0.004,0.004,0
37.24,0.004,0.004,0.004,0
37.25,0.004,0.004,0.004,0
37.32,0.004,0.004,0.004,0
37.41,0.004,0.004,0.004,0
37.43,0.004,0.004,0.004,0
37.46,0.004,0.004,0.004,0
37.47,0.004,0.004,0.004,0
37.49,0.004,0.004,0.004,0
37.52,0.004,0.004,0.004,0
37.53,0.004,0.004,0.004,0
37.55,0.004,0.004,0.004,0
37.56,0.004,0.004,0.004,0
37.58,0.004,0.004,0.004,0
37.60,0.004,0.004,0.004,0
37.61,0.004,0.004,0.004,0
37.64,0.004,0.004,0.004,0
37.65,0.004,0.004,0.004,0
37.66,0.004,0.004,0.004,0
37.67,0.004,0.004,0.004,0
37.68,0.004,0.004,0.004,0
37.70,0.004,0.004,0.004,0
37.77,0.004,0.004,0.004,0
37.79,0.004,0.004,0.004,0
37.81,0.004,0.004,0.004,0
37.84,0.004,0.004,0.004,0
37.85,0.004,0.004,0.004,0
37.87,0.004,0.004,0.004,0
37.89,0.004,0.004,0.004,0
37.92,0.004,0.004,0.004,0
37.95,0.004,0.004,0.004,0
37.99,0.004,0.004,0.004,0
38.00,0.004,0.004,0.004,0
38.02,0.004,0.004,0.004,0
38.03,0.004,0.004,0.004,0
38.06,0.004,0.004,0.004,0
38.08,0.004,0.004,0.004,0
38.09,0.004,0.004,0.004,0
38.10,0.004,0.004,0.004,0
38.11,0.004,0.004,0.004,0
38.13,0.004,0.004,0.004,0
38.15,0.004,0.004,0.004,0
38.17,0.004,0.004,0.004,0
38.18,0.004,0.004,0.004,0
38.19,0.004,0.004,0.004,0
38.21,0.004,0.004,0.004,0
38.22,0.004,0.004,0.004,0
38.24,0.004,0.004,0.004,0
38.25,0.004,0.004,0.004,0
38.26,0.004,0.004,0.004,0
38.32,0.788,0.788,0.788,0
38.37,1.494,1.494,1.494,0
38.38,1.494,1.494,1.494,0
38.39,1.494,1.494,1.494,0
38.41,1.494,1.494,1.494,0
38.43,1.583,1.583,1.583,0
38.46,1.583,1.583,1.583,0
38.48,1.677,1.677,1.677,0
38.50,1.774,1.774,1.774,0
38.53,1.876,1.876,1.876,0
38.54,1.981,1.981,1.981,0
38.56,2.091,2.091,2.091,0
38.57,2.205,2.205,2.205,0
38.60,2.704,2.704,2.704,0
38.62,2.840,2.840,2.840,0
38.66,3.429,3.429,3.429,0
38.69,3.920,3.920,3.920,0
38.71,4.271,4.271,4.271,0
38.73,4.641,4.641,4.641,0
38.75,5.030,5.030,5.030,0
38.77,5.438,5.438,5.438,0
38.80,6.084,6.084,6.084,0
38.81,6.309,6.309,6.309,0
38.82,6.772,6.772,6.772,0
38.84,7.009,7.009,7.009,0
38.86,7.748,7.748,7.748,0
38.89,8.523,8.523,8.523,0
38.91,8.788,8.788,8.788,0
38.92,9.330,9.330,9.330,0
38.95,9.885,9.885,9.885,0
38.97,10.739,10.739,10.739,0
38.99,11.029,11.029,11.029,0
39.02,11.911,11.911,11.911,0
39.03,12.209,12.209,12.209,0
39.05,12.810,12.810,12.810,0
39.06,13.112,13.112,13.112,0
39.09,14.024,14.024,14.024,0
39.10,14.329,14.329,14.329,0
39.13,15.243,15.243,15.243,0
39.14,15.546,15.546,15.546,0
39.16,16.151,16.151,16.151,0
39.18,16.751,16.751,16.751,0
39.20,17.344,17.344,17.344,0
39.22,17.637,17.637,17.637,0
39.23,18.215,18.215,18.215,0
39.26,18.782,18.782,18.782,0
39.34,20.642,20.642,20.642,0
39.40,21.368,21.368,21.368,0
39.42,21.823,21.823,21.823,0
39.46,22.458,22.458,22.458,0
39.47,22.656,22.656,22.656,0
39.49,22.848,22.848,22.848,0
39.52,23.209,23.209,23.209,0
39.54,23.379,23.379,23.379,0
39.55,23.540,23.540,23.540,0
39.58,23.840,23.840,23.840,0
39.61,24.108,24.108,24.108,0
39.64,24.342,24.342,24.342,0
39.65,24.446,24.446,24.446,0
39.69,24.628,24.628,24.628,0
39.71,24.774,24.774,24.774,0
39.75,24.885,24.885,24.885,0
39.77,24.958,24.958,24.958,0
39.79,24.982,24.982,24.982,0
39.81,24.995,24.995,24.995,0
39.84,24.958,24.958,24.958,0
39.86,24.885,24.885,24.885,0
39.90,24.774,24.774,24.774,0
39.92,24.628,24.628,24.628,0
39.97,24.229,24.229,24.229,0
40.00,23.840,23.840,23.840,0
40.03,23.379,23.379,23.379,0
40.05,23.209,23.209,23.209,0
40.07,22.656,22.656,22.656,0
40.09,22.253,22.253,22.253,0
40.11,22.041,22.041,21.823,0
40.13,21.368,21.368,21.368,0
40.15,21.131,21.131,21.131,0
40.16,20.642,20.642,20.642,0
40.18,20.133,20.133,20.133,0
40.19,19.871,19.871,19.871,0
40.21,19.334,19.334,19.334,0
40.22,19.060,19.060,19.060,0
40.24,18.500,18.500,18.500,0
40.26,18.215,18.215,18.215,0
40.34,16.151,16.151,16.151,0
40.39,14.938,14.938,14.938,0
40.42,14.024,14.024,14.024,0
40.44,13.415,13.415,13.415,0
40.46,12.509,12.509,12.509,0
40.49,11.911,11.911,11.911,0
40.50,11.615,11.615,11.615,0
40.53,10.739,10.739,10.739,0
40.54,10.451,10.451,10.451,0
40.57,9.885,9.885,9.885,0
40.58,9.330,9.330,9.330,0
40.60,9.057,9.057,9.057,0
40.62,8.788,8.788,8.788,0
40.65,8.003,8.003,8.003,0
40.66,7.748,7.748,7.748,0
40.68,7.252,7.252,7.252,0
40.71,6.772,6.772,6.772,0
40.73,6.538,6.538,6.538,0
40.76,6.084,6.084,6.084,0
40.79,5.649,5.649,5.649,0
40.81,5.438,5.438,5.438,0
40.82,5.231,5.231,5.231,0
40.84,4.833,4.833,4.833,0
40.86,4.833,4.833,4.833,0
40.87,4.453,4.453,4.453,0
40.89,4.271,4.271,4.271,0
40.91,4.093,4.093,4.093,0
40.93,3.920,3.920,3.920,0
40.95,3.751,3.751,3.588,0
40.96,3.588,3.588,3.588,0
40.99,3.275,3.275,3.275,0
41.00,3.125,3.125,3.125,0
41.03,2.840,2.840,2.840,0
41.05,2.704,2.704,2.704,0
41.08,2.446,2.446,2.446,0
41.10,2.205,2.205,2.205,0
41.12,2.091,2.091,2.091,0
41.13,1.981,1.981,1.981,0
41.16,1.774,1.774,1.774,0
41.17,1.677,1.677,1.677,0
41.19,1.583,1.583,1.583,0
41.22,1.408,1.408,1.408,0
41.23,1.325,1.325,1.325,0
41.26,1.099,1.099,1.099,0
41.33,0.788,0.788,0.788,0
41.38,0.509,0.509,0.509,0
41.40,0.471,0.471,0.471,0
41.41,0.401,0.401,0.401,0
41.44,0.340,0.340,0.340,0
41.48,0.219,0.219,0.219,0
41.50,0.199,0.199,0.199,0
41.51,0.164,0.164,0.164,0
41.53,0.149,0.149,0.149,0
41.56,0.109,0.109,0.109,0
41.58,0.088,0.088,0.088,0
41.60,0.055,0.055,0.055,0
41.62,0.029,0.029,0.029,0
41.66,0.004,0.004,0.004,0
41.68,0.004,0.004,0.004,0
41.72,0.004,0.004,0.004,0
41.73,0.004,0.004,0.004,0
41.77,0.004,0.004,0.004,0
41.78,0.004,0.004,0.004,0
41.81,0.004,0.004,0.004,0
41.82,0.004,0.004,0.004,0
41.85,0.004,0.004,0.004,0
41.87,0.004,0.004,0.004,0
41.89,0.004,0.004,0.004,0
41.91,0.004,0.004,0.004,0
41.94,0.004,0.004,0.004,0
41.95,0.004,0.004,0.004,0
41.97,0.004,0.004,0.004,0
41.99,0.004,0.004,0.004,0
42.01,0.004,0.004,0.004,0
42.04,0.004,0.004,0.004,0
42.05,0.004,0.004,0.004,0
42.06,0.004,0.004,0.004,0
42.08,0.004,0.004,0.004,0
42.10,0.004,0.004,0.004,0
42.11,0.004,0.004,0.004,0
42.13,0.004,0.004,0.004,0
42.15,0.004,0.004,0.004,0
42.18,0.004,0.004,0.004,0
42.20,0.004,0.004,0.004,0
42.21,0.004,0.004,0.004,0
42.23,0.004,0.004,0.004,0
42.25,0.004,0.004,0.004,0
42.33,0.004,0.004,0.004,0
42.39,0.004,0.004,0.004,0
42.41,0.004,0.004,0.004,0
42.42,0.004,0.004,0.004,0
42.43,0.004,0.004,0.004,0
42.45,0.004,0.004,0.004,0
42.48,0.004,0.004,0.004,0
42.50,0.004,0.004,0.004,0
42.52,0.004,0.004,0.004,0
42.54,0.004,0.004,0.004,0
42.56,0.004,0.004,0.004,0
42.58,0.004,0.004,0.004,0
42.59,0.004,0.004,0.004,0
42.61,0.004,0.004,0.004,0
42.62,0.004,0.004,0.004,0
42.64,0.004,0.004,0.004,0
42.65,0.004,0.004,0.004,0
42.67,0.004,0.004,0.004,0
42.69,0.004,0.004,0.004,0
42.71,0.004,0.004,0.004,0
42.74,0.004,0.004,0.004,0
42.75,0.004,0.004,0.004,0
42.78,0.043,0.043,0.043,0
42.79,0.287,0.287,0.313,0
42.81,1.494,1.494,1.494,0
42.82,1.494,1.494,1.494,0
42.84,1.494,1.494,1.494,0
42.86,1.494,1.494,1.494,0
42.90,1.494,1.494,1.494,0
42.92,1.583,1.583,1.583,0
42.94,1.677,1.677,1.677,0
42.97,1.774,1.774,1.774,0
42.98,1.774,1.774,1.774,0
43.00,1.876,1.876,1.876,0
43.02,1.981,1.981,1.981,0
43.04,2.323,2.323,2.323,0
43.07,2.573,2.573,2.573,0
43.10,2.980,2.980,2.980,0
43.12,3.275,3.275,3.275,0
43.14,3.588,3.588,3.588,0
43.15,3.751,3.751,3.751,0
43.18,4.271,4.271,4.271,0
43.20,4.641,4.641,4.641,0
43.22,5.030,5.030,5.030,0
43.24,5.438,5.438,5.438,0
43.25,5.649,5.649,5.649,0
43.33,7.498,7.498,7.498,0
43.38,8.788,8.788,8.788,0
43.39,9.057,9.057,9.057,0
43.41,9.606,9.606,9.606,0
43.43,10.167,10.167,10.167,0
43.49,11.911,11.911,11.911,0
43.51,12.509,12.509,12.509,0
43.55,13.719,13.719,13.719,0
43.57,14.329,14.329,14.329,0
43.59,14.938,14.938,14.938,0
43.62,15.546,15.546,15.546,0
43.64,16.452,16.452,16.452,0
43.67,17.049,17.049,17.049,0
43.68,17.637,17.637,17.637,0
43.71,18.215,18.215,18.215,0
43.72,18.500,18.500,18.500,0
43.74,19.060,19.060,19.060,0
43.77,19.605,19.605,19.605,0
43.79,19.871,19.871,19.871,0
43.82,20.390,20.390,20.390,0
43.85,21.131,21.131,21.131,0
43.86,21.368,21.368,21.368,0
43.90,21.823,21.823,21.823,0
43.91,22.041,22.041,22.041,0
43.94,22.458,22.458,22.458,0
43.96,22.848,22.848,22.848,0
43.99,23.209,23.209,23.209,0
44.01,23.379,23.379,23.379,0
44.04,23.694,23.694,23.694,0
44.05,23.840,23.840,23.840,0
44.07,23.978,23.978,23.978,0
44.09,24.108,24.108,24.108,0
44.11,24.342,24.342,24.342,0
44.12,24.446,24.446,24.446,0
44.15,24.541,24.541,24.541,0
44.18,24.705,24.705,24.705,0
44.20,24.774,24.774,24.774,0
44.22,24.885,24.885,24.885,0
44.23,24.926,24.926,24.926,0
44.27,24.958,24.958,24.958,0
44.37,24.774,24.774,24.774,0
44.42,24.446,24.446,24.446,0
44.43,24.342,24.342,24.342,0
44.45,24.108,24.108,24.108,0
44.47,23.840,23.840,23.840,0
44.48,23.694,23.694,23.694,0
44.50,23.379,23.379,23.379,0
44.51,23.209,23.209,23.209,0
44.53,22.848,22.848,22.848,0
44.55,22.458,22.458,22.458,0
44.57,22.041,22.041,22.041,0
44.58,21.823,21.823,21.823,0
44.60,21.368,21.368,21.368,0
44.63,20.890,20.890,20.890,0
44.66,20.133,20.133,20.133,0
44.68,19.605,19.605,19.605,0
44.70,19.060,19.060,19.060,0
44.74,18.215,18.215,18.215,0
44.78,17.344,17.344,17.344,0
44.80,16.751,16.751,16.751,0
44.83,15.849,15.849,15.849,0
44.85,15.243,15.243,15.243,0
44.87,14.633,14.633,14.633,0
44.89,14.024,14.024,14.024,0
44.90,13.719,13.719,13.719,0
44.94,12.509,12.509,12.509,0
44.96,11.911,11.911,11.911,0
45.00,10.739,10.739,10.739,0
45.01,10.451,10.451,10.451,0
45.03,9.885,9.885,9.885,0
45.06,9.330,9.330,9.330,0
45.08,8.788,8.788,8.788,0
45.10,8.261,8.261,8.261,0
45.14,7.748,7.748,7.748,0
45.15,7.498,7.498,7.498,0
45.18,7.009,7.009,7.009,0
45.20,6.538,6.538,6.538,0
45.22,6.309,6.309,6.309,0
45.23,6.084,6.084,6.084,0
45.26,5.864,5.864,5.864,0
45.34,4.641,4.641,4.641,0
45.39,3.920,3.920,3.920,0
45.41,3.751,3.751,3.751,0
45.42,3.588,3.588,3.588,0
45.48,3.125,3.125,3.125,0
45.49,2.980,2.980,2.980,0
45.51,2.840,2.840,2.840,0
45.52,2.704,2.704,2.704,0
45.56,2.446,2.446,2.446,0
45.57,2.323,2.323,2.323,0
45.60,2.091,2.091,2.091,0
45.61,1.981,1.981,1.981,0
45.63,1.774,1.774,1.774,0
45.66,1.677,1.583,1.583,0
45.67,1.494,1.494,1.494,0
45.69,1.408,1.408,1.408,0
45.72,1.247,1.247,1.247,0
45.74,1.099,1.099,1.099,0
45.75,1.031,1.031,1.031,0
45.78,0.845,0.845,0.845,0
45.80,0.788,0.788,0.788,0
45.83,0.637,0.637,0.637,0
45.86,0.549,0.549,0.549,0
45.89,0.401,0.401,0.401,0
45.91,0.340,0.340,0.340,0
45.94,0.262,0.262,0.262,0
45.95,0.240,0.240,0.240,0
45.99,0.181,0.181,0.181,0
46.01,0.135,0.135,0.135,0
46.03,0.109,0.109,0.109,0
46.05,0.098,0.098,0.098,0
46.07,0.055,0.055,0.055,0
46.08,0.043,0.043,0.043,0
46.10,0.019,0.019,0.019,0
46.12,0.008,0.008,0.008,0
46.15,0.004,0.004,0.004,0
46.16,0.004,0.004,0.004,0
46.18,0.004,0.004,0.004,0
46.21,0.004,0.004,0.004,0
46.22,0.004,0.004,0.004,0
46.24,0.004,0.004,0.004,0
46.26,0.004,0.004,0.004,0
46.32,0.004,0.004,0.004,0
46.36,0.004,0.004,0.004,0
46.38,0.004,0.004,0.004,0
46.40,0.004,0.004,0.004,0
46.41,0.004,0.004,0.004,0
46.43,0.004,0.004,0.004,0
46.45,0.004,0.004,0.004,0
46.46,0.004,0.004,0.004,0
46.48,0.004,0.004,0.004,0
46.49,0.004,0.004,0.004,0
46.50,0.004,0.004,0.004,0
46.52,0.004,0.004,0.004,0
46.53,0.004,0.004,0.004,0
46.55,0.004,0.004,0.004,0
46.56,0.004,0.004,0.004,0
46.57,0.004,0.004,0.004,0
46.59,0.004,0.004,0.004,0
46.61,0.004,0.004,0.004,0
46.63,0.004,0.004,0.004,0
46.64,0.004,0.004,0.004,0
46.68,0.004,0.004,0.004,0
46.70,0.004,0.004,0.004,0
46.72,0.004,0.004,0.004,0
46.73,0.004,0.004,0.004,0
46.74,0.004,0.004,0.004,0
46.77,0.004,0.004,0.004,0
46.80,0.004,0.004,0.004,0
46.81,0.004,0.004,0.004,0
46.84,0.004,0.004,0.004,0
46.86,0.004,0.004,0.004,0
46.89,0.004,0.004,0.004,0
46.91,0.004,0.004,0.004,0
46.94,0.004,0.004,0.004,0
46.96,0.004,0.004,0.004,0
46.99,0.004,0.004,0.004,0
47.01,0.004,0.004,0.004,0
47.03,0.004,0.004,0.004,0
47.05,0.004,0.004,0.004,0
47.07,0.004,0.004,0.004,0
47.10,0.004,0.004,0.004,0
47.13,0.004,0.004,0.004,0
47.15,0.004,0.004,0.004,0
47.17,0.004,0.004,0.004,0
47.20,0.004,0.004,0.004,0
47.22,0.004,0.004,0.004,0
47.23,0.004,0.004,0.004,0
47.25,0.004,0.004,0.004,0
47.34,1.494,1.494,1.494,0
47.41,1.583,1.583,1.583,0
47.44,1.677,1.677,1.677,0
47.50,1.981,1.981,1.981,0
47.52,2.205,2.205,2.205,0
47.55,2.573,2.573,2.573,0
47.57,2.980,2.980,2.980,0
47.60,3.429,3.429,3.429,0
47.62,3.588,3.588,3.588,0
47.64,4.093,4.093,4.093,0
47.66,4.453,4.453,4.453,0
47.68,4.641,4.641,4.641,0
47.70,5.231,5.231,5.231,0
47.71,5.438,5.438,5.438,0
47.74,5.864,5.864,5.864,0
47.76,6.309,6.309,6.309,0
47.80,7.252,7.252,7.252,0
47.82,7.748,7.748,7.748,0
47.84,8.261,8.261,8.261,0
47.87,9.057,9.057,9.057,0
47.91,10.167,10.167,10.167,0
47.93,10.739,10.739,10.739,0
47.96,11.321,11.615,11.615,0
47.99,12.509,12.810,12.810,0
48.01,13.415,13.415,13.415,0
48.04,14.024,14.024,14.024,0
48.07,14.938,14.938,14.938,0
48.10,15.849,15.849,15.849,0
48.16,17.344,17.344,17.344,0
48.18,18.215,18.215,18.215,0
48.22,19.060,19.060,19.060,0
48.25,19.605,19.605,19.605,0
48.36,21.598,21.598,21.598,0
48.45,23.032,23.032,23.032,0
48.48,23.209,23.209,23.209,0
48.51,23.694,23.694,23.694,0
48.56,23.978,23.978,23.978,0
48.60,24.446,24.446,24.446,0
48.63,24.628,24.628,24.628,0
48.67,24.774,24.774,24.774,0
48.72,24.926,24.926,24.926,0
48.78,24.958,24.958,24.958,0
48.83,24.834,24.834,24.834,0
48.89,24.541,24.541,24.541,0
48.92,24.229,24.229,24.229,0
48.97,23.540,23.540,23.540,0
49.01,22.848,22.848,22.848,0
49.04,22.253,22.253,22.253,0
49.07,21.598,21.598,21.598,0
49.11,20.890,20.890,20.890,0
49.13,20.133,20.133,20.133,0
49.17,19.334,19.334,19.334,0
49.19,18.500,18.500,18.500,0
49.24,17.637,17.637,17.637,0
49.29,16.452,16.452,16.452,0
49.37,13.719,13.719,13.719,0
49.52,9.885,9.885,9.885,0
49.56,8.788,8.788,8.788,0
49.62,7.748,7.748,7.748,0
49.66,6.772,6.772,6.772,0
49.73,5.864,5.864,5.864,0
49.77,5.231,5.231,5.231,0
49.82,4.641,4.641,4.641,0
49.88,3.920,3.920,3.920,0
49.95,3.275,3.275,3.275,0
49.99,2.840,2.840,2.840,0
50.02,2.446,2.446,2.446,0
50.04,2.323,2.323,2.323,0
50.08,1.981,1.981,1.981,0
50.12,1.677,1.677,1.677,0
50.15,1.494,1.494,1.494,0
50.20,1.247,1.247,1.247,0
50.26,0.904,0.904,0.904,0
50.36,0.435,0.435,0.435,0
50.44,0.240,0.240,0.240,0
50.53,0.098,0.098,0.098,0
50.59,0.008,0.008,0.008,0
50.65,0.004,0.004,0.004,0
50.69,0.004,0.004,0.004,0
50.75,0.004,0.004,0.004,0
50.84,0.004,0.004,0.004,0
50.90,0.004,0.004,0.004,0
50.94,0.004,0.004,0.004,0
51.05,0.004,0.004,0.004,0
51.11,0.004,0.004,0.004,0
51.16,0.004,0.004,0.004,0
51.20,0.004,0.004,0.004,0
51.26,0.004,0.004,0.004,0
51.40,0.004,0.004,0.004,0
51.52,0.004,0.004,0.004,0
51.56,0.004,0.004,0.004,0
51.58,0.004,0.004,0.004,0
51.61,0.004,0.004,0.004,0
51.64,0.004,0.004,0.004,0
51.67,0.004,0.004,0.004,0
51.70,0.004,0.004,0.004,0
51.71,0.004,0.004,0.004,0
51.75,0.592,0.592,0.592,0
51.81,1.494,1.494,1.494,0
51.84,1.494,1.494,1.494,0
51.88,1.583,1.583,1.583,0
51.91,1.677,1.677,1.677,0
51.95,1.876,1.876,1.876,0
52.01,2.446,2.446,2.446,0
52.04,2.840,2.840,2.840,0
52.08,3.275,3.275,3.275,0
52.11,3.920,3.920,3.920,0
52.14,4.453,4.453,4.453,0
52.20,5.438,5.438,5.438,0
52.27,7.252,7.252,7.252,0
52.49,13.112,13.112,13.112,0
52.59,16.452,16.452,16.452,0
52.62,17.049,17.049,17.049,0
52.66,18.215,18.215,18.215,0
52.68,18.782,18.782,18.782,0
52.72,19.605,19.605,19.605,0
52.73,19.871,19.871,19.871,0
52.77,20.390,20.390,20.390,0
52.81,21.131,21.131,21.131,0
52.83,21.598,21.598,21.598,0
52.87,22.253,22.253,22.253,0
52.93,22.848,22.848,22.848,0
52.95,23.379,23.379,23.379,0
52.98,23.694,23.694,23.694,0
53.00,23.840,23.840,23.840,0
53.03,24.108,24.108,24.108,0
53.04,24.229,24.229,24.229,0
53.07,24.342,24.342,24.342,0
53.08,24.446,24.446,24.446,0
53.10,24.628,24.628,24.628,0
53.13,24.705,24.705,24.705,0
53.14,24.774,24.834,24.834,0
53.16,24.885,24.885,24.885,0
53.18,24.926,24.926,24.926,0
53.20,24.958,24.982,24.982,0
53.24,24.982,24.982,24.982,0
53.25,24.982,24.982,24.982,0
53.35,24.541,24.541,24.541,0
53.40,24.108,24.108,24.108,0
53.41,23.840,23.840,23.840,0
53.46,23.209,23.209,23.209,0
53.48,22.848,22.848,22.848,0
53.50,22.458,22.458,22.458,0
53.51,22.253,22.253,22.253,0
53.53,21.823,21.823,21.823,0
53.54,21.598,21.598,21.598,0
53.56,21.131,21.131,21.131,0
53.58,20.642,20.642,20.642,0
53.61,20.133,20.133,20.133,0
53.63,19.334,19.334,19.334,0
53.64,19.060,19.060,19.060,0
53.65,18.782,18.782,18.782,0
53.68,18.215,18.215,18.215,0
53.69,17.928,17.928,17.928,0
53.71,17.637,17.637,17.637,0
53.72,17.344,17.344,17.344,0
53.74,16.751,16.751,16.751,0
53.75,16.452,16.452,16.452,0
53.77,15.849,15.849,15.849,0
53.78,15.546,15.546,15.546,0
53.81,14.633,14.633,14.633,0
53.83,14.024,14.024,14.024,0
53.86,13.415,13.415,13.415,0
53.88,12.810,12.810,12.810,0
53.90,12.209,12.209,12.209,0
53.91,11.615,11.615,11.615,0
53.95,10.739,10.739,10.739,0
53.96,10.451,10.451,10.451,0
53.98,9.885,9.885,9.885,0
54.00,9.330,9.330,9.330,0
54.02,9.057,9.057,9.057,0
54.04,8.788,8.788,8.788,0
54.07,8.003,8.003,8.003,0
54.09,7.748,7.748,7.748,0
54.11,7.252,7.252,7.252,0
54.13,6.772,6.772,6.772,0
54.16,6.538,6.538,6.538,0
54.17,6.309,6.309,6.309,0
54.19,5.864,5.864,5.864,0
54.22,5.649,5.649,5.649,0
54.24,5.231,5.231,5.231,0
54.26,5.030,5.030,5.030,0
54.34,4.093,4.093,4.093,0
54.39,3.429,3.429,3.429,0
54.41,3.125,3.125,3.125,0
54.45,2.840,2.840,2.840,0
54.46,2.704,2.704,2.704,0
54.48,2.573,2.573,2.573,0
54.50,2.446,2.446,2.446,0
54.54,2.091,2.091,2.091,0
54.55,1.981,1.981,1.981,0
54.57,1.876,1.876,1.876,0
54.58,1.774,1.774,1.774,0
54.61,1.583,1.583,1.494,0
54.63,1.494,1.494,1.494,0
54.65,1.325,1.325,1.325,0
54.67,1.247,1.247,1.247,0
54.69,1.099,1.099,1.099,0
54.70,1.031,1.031,1.031,0
54.73,0.845,0.845,0.845,0
54.74,0.788,0.788,0.788,0
54.77,0.685,0.685,0.685,0
54.79,0.549,0.549,0.549,0
54.82,0.471,0.471,0.471,0
54.83,0.435,0.435,0.435,0
54.87,0.340,0.340,0.340,0
54.88,0.287,0.287,0.287,0
54.90,0.240,0.240,0.240,0
54.91,0.199,0.199,0.199,0
54.93,0.164,0.164,0.181,0
54.95,0.149,0.149,0.149,0
54.97,0.121,0.121,0.121,0
54.98,0.098,0.098,0.098,0
55.00,0.088,0.088,0.088,0
55.02,0.055,0.055,0.055,0
55.05,0.019,0.019,0.019,0
55.08,0.004,0.004,0.004,0
55.10,0.004,0.004,0.004,0
55.12,0.004,0.004,0.004,0
55.14,0.004,0.004,0.004,0
55.15,0.004,0.004,0.004,0
55.18,0.004,0.004,0.004,0
55.21,0.004,0.004,0.004,0
55.23,0.004,0.004,0.004,0
55.24,0.004,0.004,0.004,0
55.27,0.004,0.004,0.004,0
55.33,0.004,0.004,0.004,0
55.38,0.004,0.004,0.004,0
55.39,0.004,0.004,0.004,0
55.40,0.004,0.004,0.004,0
55.42,0.004,0.004,0.004,0
55.48,0.004,0.004,0.004,0
55.49,0.004,0.004,0.004,0
55.50,0.004,0.004,0.004,0
55.51,0.004,0.004,0.004,0
55.53,0.004,0.004,0.004,0
55.54,0.004,0.004,0.004,0
55.57,0.004,0.004,0.004,0
55.61,0.004,0.004,0.004,0
55.62,0.004,0.004,0.004,0
55.63,0.004,0.004,0.004,0
55.64,0.004,0.004,0.004,0
55.66,0.004,0.004,0.004,0
55.68,0.004,0.004,0.004,0
55.70,0.004,0.004,0.004,0
55.71,0.004,0.004,0.004,0
55.74,0.004,0.004,0.004,0
55.76,0.004,0.004,0.004,0
55.77,0.004,0.004,0.004,0
55.80,0.004,0.004,0.004,0
55.82,0.004,0.004,0.004,0
55.83,0.004,0.004,0.004,0
55.84,0.004,0.004,0.004,0
55.87,0.004,0.004,0.004,0
55.89,0.004,0.004,0.004,0
55.90,0.004,0.004,0.004,0
55.92,0.004,0.004,0.004,0
55.95,0.004,0.004,0.004,0
55.96,0.004,0.004,0.004,0
55.98,0.004,0.004,0.004,0
55.99,0.004,0.004,0.004,0
56.00,0.004,0.004,0.004,0
56.02,0.004,0.004,0.004,0
56.03,0.004,0.004,0.004,0
56.05,0.004,0.004,0.004,0
56.07,0.004,0.004,0.004,0
56.09,0.004,0.004,0.004,0
56.11,0.004,0.004,0.004,0
56.12,0.004,0.004,0.004,0
56.14,0.004,0.004,0.004,0
56.16,0.004,0.004,0.004,0
56.18,0.004,0.004,0.004,0
56.20,0.016,0.016,0.016,0
56.21,0.181,0.181,0.181,0
56.23,1.494,1.494,1.494,0
56.26,1.494,1.494,1.494,0
56.33,1.583,1.583,1.583,0
56.40,1.774,1.774,1.774,0
56.41,1.876,1.876,1.876,0
56.43,1.981,1.981,1.981,0
56.44,2.091,2.091,2.091,0
56.47,2.323,2.323,2.323,0
56.48,2.446,2.446,2.446,0
56.51,2.840,2.840,2.840,0
56.52,2.980,2.980,2.980,0
56.55,3.275,3.275,3.275,0
56.56,3.588,3.588,3.588,0
56.57,3.751,3.751,3.751,0
56.58,3.920,3.920,3.920,0
56.61,4.453,4.453,4.453,0
56.63,5.030,5.030,5.030,0
56.67,5.649,5.649,5.649,0
56.68,5.864,5.864,5.864,0
56.71,6.538,6.538,6.538,0
56.74,7.009,7.009,7.009,0
56.77,8.003,8.003,8.003,0
56.79,8.523,8.523,8.523,0
56.82,9.330,9.330,9.330,0
56.83,9.606,9.606,9.606,0
56.86,10.451,10.451,10.451,0
56.87,10.739,10.739,10.739,0
56.90,11.615,11.615,11.615,0
56.93,12.509,12.509,12.509,0
56.97,13.719,13.719,13.719,0
56.99,14.329,14.329,14.329,0
57.02,15.243,15.243,15.243,0
57.03,15.546,15.546,15.546,0
57.06,16.151,16.151,16.151,0
57.07,16.751,16.751,16.751,0
57.10,17.637,17.637,17.637,0
57.13,18.215,18.215,18.215,0
57.15,18.782,18.782,18.782,0
57.18,19.334,19.334,19.334,0
57.20,19.871,19.871,19.871,0
57.22,20.133,20.133,20.133,0
57.24,20.642,20.642,20.642,0
57.25,20.890,20.890,20.890,0
57.33,22.041,22.041,22.041,0
57.40,23.032,23.032,23.032,0
57.41,23.209,23.209,23.209,0
57.43,23.379,23.379,23.379,0
57.47,23.840,23.840,23.840,0
57.50,24.108,24.108,24.108,0
57.52,24.229,24.229,24.229,0
57.60,24.705,24.705,24.705,0
57.61,24.774,24.774,24.774,0
57.63,24.885,24.885,24.885,0
57.67,24.958,24.958,24.958,0
57.68,24.982,24.982,24.982,0
57.72,24.982,24.982,24.982,0
57.73,24.958,24.958,24.958,0
57.75,24.885,24.885,24.885,0
57.76,24.834,24.834,24.834,0
57.78,24.774,24.774,24.774,0
57.80,24.705,24.705,24.705,0
57.82,24.541,24.541,24.541,0
57.83,24.446,24.446,24.446,0
57.86,24.229,24.229,24.229,0
57.88,24.108,24.108,24.108,0
57.89,23.840,23.840,23.840,0
57.92,23.540,23.540,23.540,0
57.93,23.209,23.209,23.209,0
57.95,22.848,22.848,22.848,0
57.98,22.458,22.458,22.458,0
57.99,22.253,22.253,22.253,0
58.01,21.823,21.823,21.823,0
58.02,21.368,21.368,21.368,0
58.04,20.890,20.890,20.890,0
58.06,20.390,20.390,20.390,0
58.08,19.871,19.871,19.871,0
58.12,18.782,18.782,18.782,0
58.13,18.500,18.500,18.500,0
58.16,17.928,17.928,17.928,0
58.17,17.928,17.928,17.928,0
58.19,17.637,17.637,17.637,0
58.20,17.344,17.344,17.344,0
58.23,16.452,16.452,16.452,0
58.25,15.849,15.849,15.849,0
58.32,13.719,13.719,13.719,0
58.38,11.911,11.911,11.911,0
58.39,11.615,11.615,11.615,0
58.41,11.029,11.029,11.029,0
58.43,10.451,10.451,10.451,0
58.46,9.885,9.885,9.885,0
58.47,9.606,9.606,9.606,0
58.49,9.057,9.057,9.057,0
58.51,8.788,8.788,8.788,0
58.53,8.261,8.261,8.261,0
58.55,7.748,7.748,7.748,0
58.56,7.498,7.498,7.498,0
58.59,7.252,7.252,7.009,0
58.60,6.772,6.772,6.772,0
58.63,6.538,6.538,6.538,0
58.64,6.309,6.309,6.309,0
58.66,5.864,5.864,5.864,0
58.67,5.864,5.864,5.864,0
58.70,5.231,5.231,5.231,0
58.72,5.231,5.231,5.231,0
58.74,4.833,4.833,4.833,0
58.76,4.641,4.641,4.641,0
58.78,4.453,4.453,4.453,0
58.79,4.271,4.271,4.271,0
58.81,3.920,3.920,3.920,0
58.82,3.920,3.920,3.920,0
58.85,3.588,3.588,3.588,0
58.86,3.429,3.429,3.429,0
58.89,3.125,3.125,3.125,0
58.90,2.980,2.980,2.980,0
58.93,2.840,2.840,2.840,0
58.94,2.704,2.704,2.704,0
58.96,2.446,2.446,2.446,0
58.99,2.323,2.323,2.323,0
59.01,2.091,2.091,2.091,0
59.03,1.981,1.981,1.981,0
59.06,1.774,1.774,1.774,0
59.07,1.677,1.677,1.677,0
59.09,1.494,1.494,1.494,0
59.11,1.408,1.408,1.408,0
59.13,1.247,1.247,1.247,0
59.14,1.171,1.171,1.171,0
59.16,1.099,1.099,1.099,0
59.19,0.904,0.904,0.904,0
59.20,0.845,0.845,0.845,0
59.22,0.735,0.735,0.735,0
59.24,0.685,0.685,0.685,0
59.26,0.592,0.592,0.592,0
59.33,0.340,0.340,0.340,0
59.39,0.199,0.199,0.199,0
59.42,0.149,0.149,0.149,0
59.44,0.121,0.121,0.121,0
59.50,0.043,0.043,0.043,0
59.52,0.019,0.019,0.019,0
59.54,0.004,0.004,0.004,0
59.55,0.004,0.004,0.004,0
59.59,0.004,0.004,0.004,0
59.60,0.004,0.004,0.004,0
59.63,0.004,0.004,0.004,0
59.65,0.004,0.004,0.004,0
59.67,0.004,0.004,0.004,0
59.70,0.004,0.004,0.004,0
59.71,0.004,0.004,0.004,0
59.73,0.004,0.004,0.004,0
59.75,0.004,0.004,0.004,0
59.77,0.004,0.004,0.004,0
59.78,0.004,0.004,0.004,0
59.79,0.004,0.004,0.004,0
59.82,0.004,0.004,0.004,0
59.84,0.004,0.004,0.004,0
59.87,0.004,0.004,0.004,0
59.88,0.004,0.004,0.004,0
59.89,0.004,0.004,0.004,0
59.90,0.004,0.004,0.004,0
59.92,0.004,0.004,0.004,0
59.93,0.004,0.004,0.004,0
59.94,0.004,0.004,0.004,0
59.96,0.004,0.004,0.004,0
59.97,0.004,0.004,0.004,0
60.01,0.004,0.004,0.004,0
60.02,0.004,0.004,0.004,0
60.03,0.004,0.004,0.004,0
60.05,0.004,0.004,0.004,0
60.07,0.004,0.004,0.004,0
60.09,0.004,0.004,0.004,0
60.11,0.004,0.004,0.004,0
60.13,0.004,0.004,0.004,0
60.15,0.004,0.004,0.004,0
60.18,0.004,0.004,0.004,0
60.19,0.004,0.004,0.004,0
60.20,0.004,0.004,0.004,0
60.23,0.004,0.004,0.004,0
60.24,0.004,0.004,0.004,0
60.26,0.004,0.004,0.004,0
60.31,0.004,0.004,0.004,0
60.37,0.004,0.004,0.004,0
60.38,0.004,0.004,0.004,0
60.40,0.004,0.004,0.004,0
60.41,0.004,0.004,0.004,0
60.43,0.004,0.004,0.004,0
60.44,0.004,0.004,0.004,0
60.46,0.004,0.004,0.004,0
60.48,0.004,0.004,0.004,0
60.49,0.004,0.004,0.004,0
60.51,0.004,0.004,0.004,0
60.52,0.004,0.004,0.004,0
60.55,0.004,0.004,0.004,0
60.56,0.004,0.004,0.004,0
60.57,0.004,0.004,0.004,0
60.59,0.004,0.004,0.004,0
60.61,0.004,0.004,0.004,0
60.63,0.004,0.004,0.004,0
60.64,0.004,0.004,0.004,0
60.65,0.004,0.004,0.004,0
60.66,0.004,0.004,0.004,0
60.68,0.121,0.121,0.121,0
60.70,1.494,1.494,1.494,0
60.71,1.494,1.494,1.494,0
60.74,1.494,1.494,1.494,0
60.75,1.494,1.494,1.494,0
60.78,1.494,1.494,1.494,0
60.79,1.583,1.583,1.583,0
60.82,1.583,1.583,1.583,0
60.83,1.677,1.677,1.677,0
60.85,1.677,1.677,1.677,0
60.86,1.774,1.774,1.774,0
60.87,1.774,1.774,1.774,0
60.89,1.876,1.876,1.876,0
60.90,1.981,1.981,1.981,0
60.93,2.205,2.205,2.205,0
60.94,2.323,2.323,2.323,0
60.96,2.573,2.573,2.573,0
60.98,2.840,2.840,2.840,0
61.00,3.125,3.125,3.125,0
61.03,3.588,3.588,3.588,0
61.05,4.093,4.093,4.093,0
61.07,4.271,4.271,4.271,0
61.09,4.641,4.641,4.641,0
61.11,5.030,5.030,5.030,0
61.13,5.438,5.438,5.649,0
61.14,5.864,5.864,5.864,0
61.17,6.538,6.538,6.538,0
61.18,6.772,6.772,6.772,0
61.22,7.498,7.498,7.498,0
61.23,7.748,7.748,7.748,0
61.26,8.523,8.523,8.523,0
61.34,10.739,10.739,10.739,0
61.40,12.509,12.509,12.509,0
61.41,12.810,12.810,12.810,0
61.43,13.415,13.415,13.415,0
61.49,14.938,14.938,14.938,0
61.51,15.849,15.849,15.849,0
61.52,16.151,16.151,16.151,0
61.55,17.049,17.049,17.049,0
61.56,17.344,17.344,17.344,0
61.59,17.928,17.928,17.928,0
61.61,18.500,18.500,18.500,0
61.63,19.060,19.060,19.060,0
61.64,19.334,19.334,19.334,0
61.66,19.605,19.605,19.605,0
61.68,20.133,20.133,20.133,0
61.71,20.642,20.642,20.642,0
61.73,20.890,20.890,20.890,0
61.75,21.368,21.368,21.368,0
61.76,21.598,21.598,21.598,0
61.79,22.041,22.041,22.041,0
61.81,22.253,22.253,22.253,0
61.84,22.656,22.656,22.656,0
61.85,22.848,22.848,22.848,0
61.87,23.209,23.209,23.209,0
61.90,23.379,23.379,23.379,0
61.93,23.694,23.694,23.694,0
61.95,23.840,23.840,23.840,0
61.97,24.108,24.108,24.108,0
61.99,24.229,24.229,24.229,0
62.02,24.446,24.446,24.446,0
62.03,24.541,24.541,24.541,0
62.07,24.705,24.705,24.705,0
62.09,24.834,24.834,24.834,0
62.11,24.885,24.885,24.885,0
62.12,24.926,24.926,24.926,0
62.14,24.958,24.982,24.982,0
62.16,24.982,24.982,24.982,0
62.17,24.982,24.982,24.982,0
62.20,24.958,24.958,24.958,0
62.22,24.885,24.885,24.885,0
62.24,24.774,24.774,24.774,0
62.26,24.774,24.774,24.774,0
62.32,24.342,24.342,24.342,0
62.37,23.694,23.694,23.694,0
62.39,23.379,23.379,23.379,0
62.41,23.032,23.032,23.032,0
62.43,22.848,22.848,22.848,0
62.44,22.458,22.458,22.458,0
62.46,22.041,22.041,22.041,0
62.48,21.823,21.823,21.823,0
62.49,21.368,21.368,21.368,0
62.51,20.890,20.890,20.890,0
62.53,20.390,20.390,20.390,0
62.54,20.133,20.133,20.133,0
62.57,19.334,19.334,19.334,0
62.59,18.782,18.782,18.782,0
62.61,18.215,18.215,18.215,0
62.63,17.928,17.928,17.928,0
62.65,17.637,17.637,17.637,0
62.67,17.344,17.344,17.344,0
62.68,16.751,16.751,16.751,0
62.71,15.849,15.849,15.849,0
62.73,15.546,15.546,15.546,0
62.75,14.938,14.938,14.938,0
62.76,14.633,14.633,14.633,0
62.79,13.719,13.719,13.719,0
62.81,13.112,13.112,13.112,0
62.83,12.509,12.509,12.509,0
62.86,11.615,11.615,11.615,0
62.88,11.029,11.029,11.029,0
62.94,9.330,9.330,9.330,0
62.96,9.057,9.057,9.057,0
62.99,8.523,8.523,8.523,0
63.01,8.003,7.748,7.748,0
63.03,7.498,7.498,7.498,0
63.07,7.009,7.009,7.009,0
63.09,6.538,6.538,6.538,0
63.11,6.309,6.309,6.309,0
63.12,6.084,6.084,6.084,0
63.16,5.649,5.649,5.649,0
63.18,5.231,5.231,5.231,0
63.20,5.030,5.030,5.030,0
63.21,4.833,4.833,4.833,0
63.24,4.453,4.453,4.453,0
63.25,4.271,4.271,4.271,0
63.35,3.275,3.275,3.275,0
63.43,2.573,2.573,2.573,0
63.46,2.323,2.323,2.323,0
63.47,2.091,2.091,2.091,0
63.49,2.091,2.091,2.091,0
63.51,1.876,1.876,1.876,0
63.52,1.774,1.774,1.774,0
63.54,1.677,1.677,1.677,0
63.55,1.583,1.583,1.583,0
63.59,1.325,1.325,1.325,0
63.60,1.247,1.247,1.247,0
63.62,1.099,1.099,1.099,0
63.63,1.031,1.031,1.031,0
63.66,0.966,0.966,0.966,0
63.67,0.904,0.904,0.904,0
63.69,0.788,0.788,0.788,0
63.71,0.685,0.685,0.685,0
63.73,0.592,0.592,0.592,0
63.75,0.509,0.509,0.509,0
63.79,0.370,0.370,0.370,0
63.80,0.340,0.340,0.340,0
63.82,0.287,0.287,0.287,0
63.83,0.262,0.262,0.262,0
63.86,0.219,0.219,0.219,0
63.88,0.164,0.164,0.164,0
63.90,0.135,0.135,0.135,0
63.92,0.109,0.109,0.109,0
63.94,0.088,0.088,0.088,0
63.95,0.070,0.070,0.070,0
63.97,0.043,0.043,0.043,0
63.98,0.029,0.029,0.029,0
64.00,0.008,0.008,0.008,0
64.01,0.004,0.004,0.004,0
64.03,0.004,0.004,0.004,0
64.06,0.004,0.004,0.004,0
64.08,0.004,0.004,0.004,0
64.10,0.004,0.004,0.004,0
64.11,0.004,0.004,0.004,0
64.14,0.004,0.004,0.004,0
64.16,0.004,0.004,0.004,0
64.18,0.004,0.004,0.004,0
64.20,0.004,0.004,0.004,0
64.22,0.004,0.004,0.004,0
64.23,0.004,0.004,0.004,0
64.24,0.004,0.004,0.004,0
64.26,0.004,0.004,0.004,0
64.32,0.004,0.004,0.004,0
64.38,0.004,0.004,0.004,0
64.40,0.004,0.004,0.004,0
64.43,0.004,0.004,0.004,0
64.46,0.004,0.004,0.004,0
64.51,0.004,0.004,0.004,0
64.52,0.004,0.004,0.004,0
64.53,0.004,0.004,0.004,0
64.55,0.004,0.004,0.004,0
64.57,0.004,0.004,0.004,0
64.59,0.004,0.004,0.004,0
64.61,0.004,0.004,0.004,0
64.65,0.004,0.004,0.004,0
64.66,0.004,0.004,0.004,0
64.67,0.004,0.004,0.004,0
64.69,0.004,0.004,0.004,0
64.71,0.004,0.004,0.004,0
64.73,0.004,0.004,0.004,0
64.75,0.004,0.004,0.004,0
64.76,0.004,0.004,0.004,0
64.79,0.004,0.004,0.004,0
64.80,0.004,0.004,0.004,0
64.83,0.004,0.004,0.004,0
64.85,0.004,0.004,0.004,0
64.86,0.004,0.004,0.004,0
64.87,0.004,0.004,0.004,0
64.90,0.004,0.004,0.004,0
64.91,0.004,0.004,0.004,0
64.94,0.004,0.004,0.004,0
64.96,0.004,0.004,0.004,0
64.97,0.004,0.004,0.004,0
64.98,0.004,0.004,0.004,0
64.99,0.004,0.004,0.004,0
65.01,0.004,0.004,0.004,0
65.02,0.004,0.004,0.004,0
65.05,0.004,0.004,0.004,0
65.07,0.004,0.004,0.004,0
65.08,0.004,0.004,0.004,0
65.10,0.004,0.004,0.004,0
65.12,0.004,0.004,0.004,0
65.15,0.219,0.199,0.199,0
65.16,1.099,1.099,1.099,0
65.18,1.494,1.494,1.494,0
65.19,1.494,1.494,1.494,0
65.22,1.494,1.494,1.494,0
65.23,1.494,1.494,1.494,0
65.25,1.494,1.494,1.494,0
65.34,1.774,1.774,1.774,0
65.39,2.091,2.091,2.091,0
65.42,2.323,2.323,2.323,0
65.46,2.980,2.980,2.980,0
65.48,3.275,3.275,3.275,0
65.51,3.751,3.751,3.751,0
65.52,3.920,3.920,3.920,0
65.54,4.271,4.271,4.271,0
65.57,4.641,4.641,4.641,0
65.60,5.231,5.231,5.231,0
65.61,5.649,5.649,5.649,0
65.64,6.084,6.084,6.084,0
65.65,6.538,6.538,6.538,0
65.68,7.252,7.252,7.252,0
65.70,7.498,7.498,7.498,0
65.74,8.523,8.523,8.523,0
65.75,9.057,9.057,9.057,0
65.78,9.885,9.885,9.885,0
65.81,10.739,10.739,10.739,0
65.84,11.615,11.615,11.615,0
65.87,12.209,12.209,12.209,0
65.90,13.415,13.415,13.415,0
65.91,13.719,13.719,13.719,0
65.94,14.329,14.329,14.329,0
65.96,14.938,14.938,14.938,0
65.98,15.849,15.849,15.849,0
66.00,16.151,16.151,16.151,0
66.02,16.751,16.751,16.751,0
66.04,17.344,17.344,17.344,0
66.07,18.215,18.215,18.215,0
66.10,18.782,18.782,18.782,0
66.13,19.605,19.605,19.605,0
66.14,19.871,19.871,19.871,0
66.17,20.390,20.390,20.390,0
66.19,20.642,20.642,20.642,0
66.22,21.368,21.368,21.368,0
66.23,21.368,21.368,21.368,0
66.26,21.823,21.823,21.823,0
66.34,23.032,23.032,23.032,0
66.40,23.694,23.694,23.694,0
66.43,23.978,23.978,23.978,0
66.46,24.108,24.108,24.108,0
66.48,24.446,24.446,24.446,0
66.51,24.541,24.541,24.541,0
66.52,24.628,24.628,24.628,0
66.55,24.774,24.774,24.774,0
66.56,24.774,24.774,24.774,0
66.58,24.885,24.885,24.885,0
66.59,24.926,24.926,24.926,0
66.62,24.982,24.982,24.982,0
66.64,24.995,24.995,24.995,0
66.67,25.000,25.000,25.000,0
66.68,25.000,25.000,25.000,0
66.70,25.000,25.000,25.000,0
66.72,25.000,25.000,25.000,0
66.74,25.000,25.000,25.000,0
66.76,25.000,25.000,25.000,0
66.78,25.000,25.000,25.000,0
66.79,25.000,25.000,25.000,0
66.82,25.000,25.000,25.000,0
66.85,25.000,25.000,25.000,0
66.86,25.000,25.000,25.000,0
66.88,25.000,25.000,25.000,0
66.90,25.000,25.000,25.000,0
66.91,25.000,25.000,25.000,0
66.94,25.000,25.000,25.000,0
66.96,25.000,25.000,25.000,0
66.98,25.000,25.000,25.000,0
67.00,25.000,25.000,25.000,0
67.01,25.000,25.000,25.000,0
67.03,25.000,25.000,25.000,0
67.05,25.000,25.000,25.000,0
67.08,25.000,25.000,25.000,0
67.09,25.000,25.000,25.000,0
67.11,25.000,25.000,25.000,0
67.13,25.000,25.000,25.000,0
67.15,25.000,25.000,25.000,0
67.16,25.000,25.000,25.000,0
67.19,25.000,25.000,25.000,0
67.21,25.000,25.000,25.000,0
67.23,25.000,25.000,25.000,0
67.26,25.000,25.000,25.000,0
